{
    "inspire-hep": "[LHCb:2025msn](https://inspirehep.net/literature/2972386)",
    "author": "Aaij, R. and others",
    "collaboration": "LHCb",
    "title": "Measurement of the $W \\to \\mu\\nu$ cross-sections as a function of the muon transverse momentum in $pp$ collisions at 5.02 TeV",
    "arxiv": "[hep-ex/2509.18817v2](https://arxiv.org/pdf/2509.18817)",
    "time": "2025.09.23",
    "abstract": "the $pp \\to W^\\pm (\\to \\mu^\\pm \\nu_\\mu)X$ cross-sections measured at a proton-proton centre-of-mass energy $\\sqrt{s} = 5.02$ TeV, using a dataset corresponding to an integrated luminosity of 100 pb$^{−1}$ recorded by the LHCb experiment",
    "pdf": "https://arxiv.org/pdf/2509.18817",
    "data": [
        {
            "obs@1": {
                "name": "dSigma/dpT(W+.2.mu+.nu)",
                "latex": "$d\\sigma/dp_T(W^+ \\to \\mu^+ \\nu_\\mu)$",
                "value": "11.93",
                "type@1_err": "stat",
                "type@1_err_up": "0.44",
                "type@1_err_down": "0.44",
                "type@2_err": "syst",
                "type@2_err_up": "0.36",
                "type@2_err_down": "0.36",
                "pTmin": "28",
                "pTmax": "30",
                "unit": "pb"
            },
            "obs@2": {
                "name": "dSigma/dpT(W+.2.mu+.nu)",
                "latex": "$d\\sigma/dp_T(W^+ \\to \\mu^+ \\nu_\\mu)$",
                "value": "14.36",
                "type@1_err": "stat",
                "type@1_err_up": "0.46",
                "type@1_err_down": "0.46",
                "type@2_err": "syst",
                "type@2_err_up": "0.29",
                "type@2_err_down": "0.29",
                "pTmin": "30",
                "pTmax": "32",
                "unit": "pb"
            },
            "obs@3": {
                "name": "dSigma/dpT(W+.2.mu+.nu)",
                "latex": "$d\\sigma/dp_T(W^+ \\to \\mu^+ \\nu_\\mu)$",
                "value": "17.66",
                "type@1_err": "stat",
                "type@1_err_up": "0.48",
                "type@1_err_down": "0.48",
                "type@2_err": "syst",
                "type@2_err_up": "0.31",
                "type@2_err_down": "0.31",
                "pTmin": "32",
                "pTmax": "34",
                "unit": "pb"
            },
            "obs@4": {
                "name": "dSigma/dpT(W+.2.mu+.nu)",
                "latex": "$d\\sigma/dp_T(W^+ \\to \\mu^+ \\nu_\\mu)$",
                "value": "18.87",
                "type@1_err": "stat",
                "type@1_err_up": "0.51",
                "type@1_err_down": "0.51",
                "type@2_err": "syst",
                "type@2_err_up": "0.31",
                "type@2_err_down": "0.31",
                "pTmin": "34",
                "pTmax": "36",
                "unit": "pb"
            },
            "obs@5": {
                "name": "dSigma/dpT(W+.2.mu+.nu)",
                "latex": "$d\\sigma/dp_T(W^+ \\to \\mu^+ \\nu_\\mu)$",
                "value": "22.73",
                "type@1_err": "stat",
                "type@1_err_up": "0.56",
                "type@1_err_down": "0.56",
                "type@2_err": "syst",
                "type@2_err_up": "0.36",
                "type@2_err_down": "0.36",
                "pTmin": "36",
                "pTmax": "38",
                "unit": "pb"
            },
            "obs@6": {
                "name": "dSigma/dpT(W+.2.mu+.nu)",
                "latex": "$d\\sigma/dp_T(W^+ \\to \\mu^+ \\nu_\\mu)$",
                "value": "23.50",
                "type@1_err": "stat",
                "type@1_err_up": "0.58",
                "type@1_err_down": "0.58",
                "type@2_err": "syst",
                "type@2_err_up": "0.31",
                "type@2_err_down": "0.31",
                "pTmin": "38",
                "pTmax": "40",
                "unit": "pb"
            },
            "obs@7": {
                "name": "dSigma/dpT(W+.2.mu+.nu)",
                "latex": "$d\\sigma/dp_T(W^+ \\to \\mu^+ \\nu_\\mu)$",
                "value": "17.16",
                "type@1_err": "stat",
                "type@1_err_up": "0.53",
                "type@1_err_down": "0.53",
                "type@2_err": "syst",
                "type@2_err_up": "0.31",
                "type@2_err_down": "0.31",
                "pTmin": "40",
                "pTmax": "42",
                "unit": "pb"
            },
            "obs@8": {
                "name": "dSigma/dpT(W+.2.mu+.nu)",
                "latex": "$d\\sigma/dp_T(W^+ \\to \\mu^+ \\nu_\\mu)$",
                "value": "10.45",
                "type@1_err": "stat",
                "type@1_err_up": "0.43",
                "type@1_err_down": "0.43",
                "type@2_err": "syst",
                "type@2_err_up": "0.30",
                "type@2_err_down": "0.30",
                "pTmin": "42",
                "pTmax": "44",
                "unit": "pb"
            },
            "obs@9": {
                "name": "dSigma/dpT(W+.2.mu+.nu)",
                "latex": "$d\\sigma/dp_T(W^+ \\to \\mu^+ \\nu_\\mu)$",
                "value": "6.01",
                "type@1_err": "stat",
                "type@1_err_up": "0.35",
                "type@1_err_down": "0.35",
                "type@2_err": "syst",
                "type@2_err_up": "0.17",
                "type@2_err_down": "0.17",
                "pTmin": "44",
                "pTmax": "46",
                "unit": "pb"
            },
            "obs@10": {
                "name": "dSigma/dpT(W+.2.mu+.nu)",
                "latex": "$d\\sigma/dp_T(W^+ \\to \\mu^+ \\nu_\\mu)$",
                "value": "3.46",
                "type@1_err": "stat",
                "type@1_err_up": "0.30",
                "type@1_err_down": "0.30",
                "type@2_err": "syst",
                "type@2_err_up": "0.14",
                "type@2_err_down": "0.14",
                "pTmin": "46",
                "pTmax": "48",
                "unit": "pb"
            },
            "obs@11": {
                "name": "dSigma/dpT(W+.2.mu+.nu)",
                "latex": "$d\\sigma/dp_T(W^+ \\to \\mu^+ \\nu_\\mu)$",
                "value": "2.59",
                "type@1_err": "stat",
                "type@1_err_up": "0.26",
                "type@1_err_down": "0.26",
                "type@2_err": "syst",
                "type@2_err_up": "0.13",
                "type@2_err_down": "0.13",
                "pTmin": "48",
                "pTmax": "50",
                "unit": "pb"
            },
            "obs@12": {
                "name": "dSigma/dpT(W+.2.mu+.nu)",
                "latex": "$d\\sigma/dp_T(W^+ \\to \\mu^+ \\nu_\\mu)$",
                "value": "1.75",
                "type@1_err": "stat",
                "type@1_err_up": "0.21",
                "type@1_err_down": "0.21",
                "type@2_err": "syst",
                "type@2_err_up": "0.14",
                "type@2_err_down": "0.14",
                "pTmin": "50",
                "pTmax": "52",
                "unit": "pb"
            },
            "obs@13": {
                "name": "dSigma/dpT(W-.2.mu-.nuBar)",
                "latex": "$d\\sigma/dp_T(W^- \\to \\mu^- \\bar{\\nu}_\\mu)$",
                "value": "14.81",
                "type@1_err": "stat",
                "type@1_err_up": "0.47",
                "type@1_err_down": "0.47",
                "type@2_err": "syst",
                "type@2_err_up": "0.35",
                "type@2_err_down": "0.35",
                "pTmin": "28",
                "pTmax": "30",
                "unit": "pb"
            },
            "obs@14": {
                "name": "dSigma/dpT(W-.2.mu-.nuBar)",
                "latex": "$d\\sigma/dp_T(W^- \\to \\mu^- \\bar{\\nu}_\\mu)$",
                "value": "15.70",
                "type@1_err": "stat",
                "type@1_err_up": "0.48",
                "type@1_err_down": "0.48",
                "type@2_err": "syst",
                "type@2_err_up": "0.26",
                "type@2_err_down": "0.26",
                "pTmin": "30",
                "pTmax": "32",
                "unit": "pb"
            },
            "obs@15": {
                "name": "dSigma/dpT(W-.2.mu-.nuBar)",
                "latex": "$d\\sigma/dp_T(W^- \\to \\mu^- \\bar{\\nu}_\\mu)$",
                "value": "15.59",
                "type@1_err": "stat",
                "type@1_err_up": "0.48",
                "type@1_err_down": "0.48",
                "type@2_err": "syst",
                "type@2_err_up": "0.24",
                "type@2_err_down": "0.24",
                "pTmin": "32",
                "pTmax": "34",
                "unit": "pb"
            },
            "obs@16": {
                "name": "dSigma/dpT(W-.2.mu-.nuBar)",
                "latex": "$d\\sigma/dp_T(W^- \\to \\mu^- \\bar{\\nu}_\\mu)$",
                "value": "16.09",
                "type@1_err": "stat",
                "type@1_err_up": "0.48",
                "type@1_err_down": "0.48",
                "type@2_err": "syst",
                "type@2_err_up": "0.29",
                "type@2_err_down": "0.29",
                "pTmin": "34",
                "pTmax": "36",
                "unit": "pb"
            },
            "obs@17": {
                "name": "dSigma/dpT(W-.2.mu-.nuBar)",
                "latex": "$d\\sigma/dp_T(W^- \\to \\mu^- \\bar{\\nu}_\\mu)$",
                "value": "16.53",
                "type@1_err": "stat",
                "type@1_err_up": "0.49",
                "type@1_err_down": "0.49",
                "type@2_err": "syst",
                "type@2_err_up": "0.24",
                "type@2_err_down": "0.24",
                "pTmin": "36",
                "pTmax": "38",
                "unit": "pb"
            },
            "obs@18": {
                "name": "dSigma/dpT(W-.2.mu-.nuBar)",
                "latex": "$d\\sigma/dp_T(W^- \\to \\mu^- \\bar{\\nu}_\\mu)$",
                "value": "14.57",
                "type@1_err": "stat",
                "type@1_err_up": "0.48",
                "type@1_err_down": "0.48",
                "type@2_err": "syst",
                "type@2_err_up": "0.32",
                "type@2_err_down": "0.32",
                "pTmin": "38",
                "pTmax": "40",
                "unit": "pb"
            },
            "obs@19": {
                "name": "dSigma/dpT(W-.2.mu-.nuBar)",
                "latex": "$d\\sigma/dp_T(W^- \\to \\mu^- \\bar{\\nu}_\\mu)$",
                "value": "10.26",
                "type@1_err": "stat",
                "type@1_err_up": "0.42",
                "type@1_err_down": "0.42",
                "type@2_err": "syst",
                "type@2_err_up": "0.24",
                "type@2_err_down": "0.24",
                "pTmin": "40",
                "pTmax": "42",
                "unit": "pb"
            },
            "obs@20": {
                "name": "dSigma/dpT(W-.2.mu-.nuBar)",
                "latex": "$d\\sigma/dp_T(W^- \\to \\mu^- \\bar{\\nu}_\\mu)$",
                "value": "6.13",
                "type@1_err": "stat",
                "type@1_err_up": "0.35",
                "type@1_err_down": "0.35",
                "type@2_err": "syst",
                "type@2_err_up": "0.18",
                "type@2_err_down": "0.18",
                "pTmin": "42",
                "pTmax": "44",
                "unit": "pb"
            },
            "obs@21": {
                "name": "dSigma/dpT(W-.2.mu-.nuBar)",
                "latex": "$d\\sigma/dp_T(W^- \\to \\mu^- \\bar{\\nu}_\\mu)$",
                "value": "3.28",
                "type@1_err": "stat",
                "type@1_err_up": "0.28",
                "type@1_err_down": "0.28",
                "type@2_err": "syst",
                "type@2_err_up": "0.23",
                "type@2_err_down": "0.23",
                "pTmin": "44",
                "pTmax": "46",
                "unit": "pb"
            },
            "obs@22": {
                "name": "dSigma/dpT(W-.2.mu-.nuBar)",
                "latex": "$d\\sigma/dp_T(W^- \\to \\mu^- \\bar{\\nu}_\\mu)$",
                "value": "2.41",
                "type@1_err": "stat",
                "type@1_err_up": "0.24",
                "type@1_err_down": "0.24",
                "type@2_err": "syst",
                "type@2_err_up": "0.14",
                "type@2_err_down": "0.14",
                "pTmin": "46",
                "pTmax": "48",
                "unit": "pb"
            },
            "obs@23": {
                "name": "dSigma/dpT(W-.2.mu-.nuBar)",
                "latex": "$d\\sigma/dp_T(W^- \\to \\mu^- \\bar{\\nu}_\\mu)$",
                "value": "1.65",
                "type@1_err": "stat",
                "type@1_err_up": "0.22",
                "type@1_err_down": "0.22",
                "type@2_err": "syst",
                "type@2_err_up": "0.15",
                "type@2_err_down": "0.15",
                "pTmin": "48",
                "pTmax": "50",
                "unit": "pb"
            },
            "obs@24": {
                "name": "dSigma/dpT(W-.2.mu-.nuBar)",
                "latex": "$d\\sigma/dp_T(W^- \\to \\mu^- \\bar{\\nu}_\\mu)$",
                "value": "1.42",
                "type@1_err": "stat",
                "type@1_err_up": "0.18",
                "type@1_err_down": "0.18",
                "type@2_err": "syst",
                "type@2_err_up": "0.11",
                "type@2_err_down": "0.11",
                "pTmin": "50",
                "pTmax": "52",
                "unit": "pb"
            },
            "tot_correlation": [
                [0.3192, -0.0252, 0.0287, 0.0302, 0.0696, 0.0258, 0.0048, -0.0028, -0.0022, 0.0057, 0.0089, -0.0050, 0.0644, 0.0592, 0.0113, 0.0273, 0.0114, 0.0369, 0.0145, 0.0241, 0.0085, 0.0113, 0.0022, 0.0114], [-0.0252, 0.2915, 0.0282, 0.0816, 0.0403, 0.0529, 0.0213, -0.0106, 0.0045, -0.0002, 0.0015, 0.002, -0.0114, 0.0001, 0.0381, 0.0029, 0.0381, 0.0154, 0.0314, 0.014, 0.0197, -0.001, 0.0031, 0.004], [0.0287, 0.0282, 0.3286, 0.0106, 0.085, 0.0457, 0.0209, -0.0029, 0.0089, -0.0147, 0.0099, -0.0054, -0.0004, -0.0021, 0.0336, 0.0299, 0.0458, -0.0015, 0.0531, 0.015, -0.0105, 0.0169, 0.0179, -0.0033], [0.0302, 0.0816, 0.0106, 0.3515, -0.0303, 0.0844, 0.0056, -0.0241, -0.0006, 0.0015, -0.0022, -0.0008, 0.0014, 0.0153, 0.0345, -0.0004, 0.0194, 0.0494, 0.0292, 0.0305, 0.0337, -0.0014, -0.0072, 0.013], [0.0696, 0.0403, 0.085, -0.0303, 0.4428, -0.0743, 0.0321, -0.0, 0.0002, -0.0148, 0.0177, -0.0147, 0.0379, 0.0265, 0.0118, 0.0579, 0.0541, -0.0048, 0.0592, 0.0192, -0.0229, 0.029, 0.0242, -0.003], [0.0258, 0.0529, 0.0457, 0.0844, -0.0743, 0.4385, -0.0656, 0.0415, 0.0123, 0.0194, -0.0072, 0.0159, 0.0193, 0.0311, 0.0482, 0.0126, 0.0219, 0.0682, 0.0057, 0.0229, 0.029, -0.0085, -0.0087, 0.0094], [0.0048, 0.0213, 0.0209, 0.0056, 0.0321, -0.0656, 0.375, -0.0223, 0.053, 0.0155, 0.0182, 0.0112, 0.024, 0.0266, 0.0404, 0.0286, 0.0448, 0.0119, 0.0058, -0.0103, -0.0045, 0.003, -0.0004, -0.0018], [-0.0028, -0.0106, -0.0029, -0.0241, -0.0, 0.0415, -0.0223, 0.277, -0.0277, 0.0308, 0.001, 0.0233, 0.0285, 0.0214, 0.0132, 0.0504, 0.0237, -0.0041, -0.0066, -0.0147, -0.0299, 0.0055, 0.0153, -0.013], [-0.0022, 0.0045, 0.0089, -0.0006, 0.0002, 0.0123, 0.053, -0.0277, 0.1482, -0.0384, 0.0187, 0.007, 0.0084, 0.0127, 0.02, 0.0142, 0.0166, 0.0035, -0.0013, -0.0059, -0.0054, -0.0013, 0.0001, -0.0025], [0.0057, -0.0002, -0.0147, 0.0015, -0.0148, 0.0194, 0.0155, 0.0308, -0.0384, 0.1077, -0.0402, 0.0196, 0.0122, 0.0184, 0.0116, -0.0035, 0.0001, 0.0253, -0.0176, -0.0028, 0.0147, -0.0091, -0.0094, 0.0027], [0.0089, 0.0015, 0.0099, -0.0022, 0.0177, -0.0072, 0.0182, 0.001, 0.0187, -0.0402, 0.0861, -0.0373, 0.0032, 0.0024, 0.0041, 0.0054, 0.0116, -0.006, 0.0081, -0.0031, -0.008, 0.0082, 0.0002, 0.0016], [-0.005, 0.002, -0.0054, -0.0008, -0.0147, 0.0159, 0.0112, 0.0233, 0.007, 0.0196, -0.0373, 0.0622, 0.0022, 0.0076, 0.0074, 0.0086, 0.002, 0.0048, -0.0091, -0.0012, -0.0006, -0.0062, 0.0032, -0.0037], [0.0644, -0.0114, -0.0004, 0.0014, 0.0379, 0.0193, 0.024, 0.0285, 0.0084, 0.0122, 0.0032, 0.0022, 0.345, 0.0221, 0.026, 0.0366, 0.0104, 0.0121, -0.008, -0.0013, -0.0097, 0.002, 0.0013, -0.0078], [0.0592, 0.0001, -0.0021, 0.0153, 0.0265, 0.0311, 0.0266, 0.0214, 0.0127, 0.0184, 0.0024, 0.0076, 0.0221, 0.298, -0.0223, 0.0307, 0.0159, 0.0461, -0.0091, 0.0065, 0.0146, -0.0049, -0.0084, 0.0063], [0.0113, 0.0381, 0.0336, 0.0345, 0.0118, 0.0482, 0.0404, 0.0132, 0.02, 0.0116, 0.0041, 0.0074, 0.026, -0.0223, 0.2866, -0.0498, 0.0421, 0.03, -0.0034, -0.0039, 0.0182, -0.0098, -0.0058, 0.0017], [0.0273, 0.0029, 0.0299, -0.0004, 0.0579, 0.0126, 0.0286, 0.0504, 0.0142, -0.0035, 0.0054, 0.0086, 0.0366, 0.0307, -0.0498, 0.3167, -0.0313, -0.0023, 0.029, -0.0008, -0.0384, 0.0222, 0.0284, -0.0135], [0.0114, 0.0381, 0.0458, 0.0194, 0.0541, 0.0219, 0.0448, 0.0237, 0.0166, 0.0001, 0.0116, 0.002, 0.0104, 0.0159, 0.0421, -0.0313, 0.2996, -0.0709, 0.0469, -0.0004, -0.0087, 0.0107, 0.0142, -0.0042], [0.0369, 0.0154, -0.0015, 0.0494, -0.0048, 0.0682, 0.0119, -0.0041, 0.0035, 0.0253, -0.006, 0.0048, 0.0121, 0.0461, 0.03, -0.0023, -0.0709, 0.3263, -0.0814, 0.0406, 0.0487, -0.0131, -0.0306, 0.0233], [0.0145, 0.0314, 0.0531, 0.0292, 0.0592, 0.0057, 0.0058, -0.0066, -0.0013, -0.0176, 0.0081, -0.0091, -0.008, -0.0091, -0.0034, 0.029, 0.0469, -0.0814, 0.2389, -0.0289, -0.0062, 0.0223, 0.022, -0.0016], [0.0241, 0.014, 0.015, 0.0305, 0.0192, 0.0229, -0.0103, -0.0147, -0.0059, -0.0028, -0.0031, -0.0012, -0.0013, 0.0065, -0.0039, -0.0008, -0.0004, 0.0406, -0.0289, 0.1525, -0.0253, 0.0181, -0.0035, 0.0109], [0.0085, 0.0197, -0.0105, 0.0337, -0.0229, 0.029, -0.0045, -0.0299, -0.0054, 0.0147, -0.008, -0.0006, -0.0097, 0.0146, 0.0182, -0.0384, -0.0087, 0.0487, -0.0062, -0.0253, 0.1302, -0.0491, -0.0178, 0.0162], [0.0113, -0.001, 0.0169, -0.0014, 0.029, -0.0085, 0.003, 0.0055, -0.0013, -0.0091, 0.0082, -0.0062, 0.002, -0.0049, -0.0098, 0.0222, 0.0107, -0.0131, 0.0223, 0.0181, -0.0491, 0.079, -0.0109, 0.0035], [0.0022, 0.0031, 0.0179, -0.0072, 0.0242, -0.0087, -0.0004, 0.0153, 0.0001, -0.0094, 0.0002, 0.0032, 0.0013, -0.0084, -0.0058, 0.0284, 0.0142, -0.0306, 0.022, -0.0035, -0.0178, -0.0109, 0.0702, -0.0306], [0.0114, 0.004, -0.0033, 0.013, -0.003, 0.0094, -0.0018, -0.013, -0.0025, 0.0027, 0.0016, -0.0037, -0.0078, 0.0063, 0.0017, -0.0135, -0.0042, 0.0233, -0.0016, 0.0109, 0.0162, 0.0035, -0.0306, 0.0451]
            ]
        },
        {
            "obs@1": {
                "name": "Sigma(W+.2.mu+.nu)",
                "latex": "$\\sigma(W^+ \\to \\mu^+ \\nu_\\mu)$",
                "value": "300.9",
                "type@1_err": "stat",
                "type@1_err_up": "2.4",
                "type@1_err_down": "2.4",
                "type@2_err": "syst",
                "type@2_err_up": "3.8",
                "type@2_err_down": "3.8",
                "type@3_err": "lumi",
                "type@3_err_up": "6.0",
                "type@3_err_down": "6.0",
                "pTmin": "28",
                "pTmax": "52",
                "unit": "pb"
            },
            "obs@2": {
                "name": "Sigma(W-.2.mu-.nuBar)",
                "latex": "$\\sigma(W^- \\to \\mu^- \\bar{\\nu}_\\mu)$",
                "value": "236.9",
                "type@1_err": "stat",
                "type@1_err_up": "2.1",
                "type@1_err_down": "2.1",
                "type@2_err": "syst",
                "type@2_err_up": "2.7",
                "type@2_err_down": "2.7",
                "type@3_err": "lumi",
                "type@3_err_up": "4.7",
                "type@3_err_down": "4.7",
                "pTmin": "28",
                "pTmax": "52",
                "unit": "pb"
            },
            "tot_correlation": [
                [1.0, 0.84], [0.84, 1.0]
            ]
        },
        {
            "obs@1": {
                "name": "MW",
                "latex": "$M_W$",
                "value": "80369",
                "type@1_err": "expe",
                "type@1_err_up": "130",
                "type@1_err_down": "130",
                "type@2_err": "theo",
                "type@2_err_up": "33",
                "type@2_err_down": "33",
                "unit": "MeV"
            }
        }
    ],
    "transition-mode": "scattering"
}