{
    "inspirehep": "LHCb:2018jna",
    "author": "Aaij, Roel and others",
    "collaboration": "LHCb",
    "title": "Angular moments of the decay $\\Lambda_b^0 \\rightarrow \\Lambda \\mu^{+} \\mu^{-}$ at low hadronic recoil",
    "arxiv": "hep-ex/1808.00264",
    "year": "2018",
    "abstract": "an analysis of the angular distribution of the decay $\\Lambda^0_b \\to \\Lambda \\mu^+ \\mu^-$, using data collected between 2011 and 2016 and corresponding to an integrated luminosity of approximately 5 fb$^{−1}$",
    "pdf": "https://arxiv.org/pdf/1808.00264",
    "data": [
        {
            "obs@1": {
                "name": "K1(Lambdab2Lambdamumu)",
                "latex": "$K1(\\Lambda_b^0 \\to \\Lambda \\mu^+ \\mu^-)$",
                "value": 0.346,
                "sta_err_up": 0.02,
                "sta_err_down": 0.02,
                "sys_err_up": 4.000e-03,
                "sys_err_down": 4.000e-03,
                "tot_err_up": null,
                "tot_err_down": null,
                "q2min": 15,
                "q2max": 20,
                "method": "moments",
                "dataset": "run1+run2"
            },
            "obs@2": {
                "name": "K2(Lambdab2Lambdamumu)",
                "latex": "$K2(\\Lambda_b^0 \\to \\Lambda \\mu^+ \\mu^-)$",
                "value": 0.308,
                "sta_err_up": 0.04,
                "sta_err_down": 0.04,
                "sys_err_up": 8.000e-03,
                "sys_err_down": 8.000e-03,
                "tot_err_up": null,
                "tot_err_down": null,
                "q2min": 15,
                "q2max": 20,
                "method": "moments",
                "dataset": "run1+run2"
            },
            "obs@3": {
                "name": "K3(Lambdab2Lambdamumu)",
                "latex": "$K3(\\Lambda_b^0 \\to \\Lambda \\mu^+ \\mu^-)$",
                "value": -0.261,
                "sta_err_up": 0.029,
                "sta_err_down": 0.029,
                "sys_err_up": 6.000e-03,
                "sys_err_down": 6.000e-03,
                "tot_err_up": null,
                "tot_err_down": null,
                "q2min": 15,
                "q2max": 20,
                "method": "moments",
                "dataset": "run1+run2"
            },
            "obs@4": {
                "name": "K4(Lambdab2Lambdamumu)",
                "latex": "$K4(\\Lambda_b^0 \\to \\Lambda \\mu^+ \\mu^-)$",
                "value": -0.176,
                "sta_err_up": 0.046,
                "sta_err_down": 0.046,
                "sys_err_up": 0.016,
                "sys_err_down": 0.016,
                "tot_err_up": null,
                "tot_err_down": null,
                "q2min": 15,
                "q2max": 20,
                "method": "moments",
                "dataset": "run1+run2"
            },
            "obs@5": {
                "name": "K5(Lambdab2Lambdamumu)",
                "latex": "$K5(\\Lambda_b^0 \\to \\Lambda \\mu^+ \\mu^-)$",
                "value": -0.251,
                "sta_err_up": 0.081,
                "sta_err_down": 0.081,
                "sys_err_up": 0.016,
                "sys_err_down": 0.016,
                "tot_err_up": null,
                "tot_err_down": null,
                "q2min": 15,
                "q2max": 20,
                "method": "moments",
                "dataset": "run1+run2"
            },
            "obs@6": {
                "name": "K6(Lambdab2Lambdamumu)",
                "latex": "$K6(\\Lambda_b^0 \\to \\Lambda \\mu^+ \\mu^-)$",
                "value": 0.329,
                "sta_err_up": 0.055,
                "sta_err_down": 0.055,
                "sys_err_up": 0.012,
                "sys_err_down": 0.012,
                "tot_err_up": null,
                "tot_err_down": null,
                "q2min": 15,
                "q2max": 20,
                "method": "moments",
                "dataset": "run1+run2"
            },
            "obs@7": {
                "name": "K7(Lambdab2Lambdamumu)",
                "latex": "$K7(\\Lambda_b^0 \\to \\Lambda \\mu^+ \\mu^-)$",
                "value": -0.015,
                "sta_err_up": 0.084,
                "sta_err_down": 0.084,
                "sys_err_up": 0.013,
                "sys_err_down": 0.013,
                "tot_err_up": null,
                "tot_err_down": null,
                "q2min": 15,
                "q2max": 20,
                "method": "moments",
                "dataset": "run1+run2"
            },
            "obs@8": {
                "name": "K8(Lambdab2Lambdamumu)",
                "latex": "$K8(\\Lambda_b^0 \\to \\Lambda \\mu^+ \\mu^-)$",
                "value": -0.099,
                "sta_err_up": 0.037,
                "sta_err_down": 0.037,
                "sys_err_up": 0.012,
                "sys_err_down": 0.012,
                "tot_err_up": null,
                "tot_err_down": null,
                "q2min": 15,
                "q2max": 20,
                "method": "moments",
                "dataset": "run1+run2"
            },
            "obs@9": {
                "name": "K9(Lambdab2Lambdamumu)",
                "latex": "$K9(\\Lambda_b^0 \\to \\Lambda \\mu^+ \\mu^-)$",
                "value": 5.000e-03,
                "sta_err_up": 0.084,
                "sta_err_down": 0.084,
                "sys_err_up": 0.012,
                "sys_err_down": 0.012,
                "tot_err_up": null,
                "tot_err_down": null,
                "q2min": 15,
                "q2max": 20,
                "method": "moments",
                "dataset": "run1+run2"
            },
            "obs@10": {
                "name": "K10(Lambdab2Lambdamumu)",
                "latex": "$K10(\\Lambda_b^0 \\to \\Lambda \\mu^+ \\mu^-)$",
                "value": -0.045,
                "sta_err_up": 0.037,
                "sta_err_down": 0.037,
                "sys_err_up": 6.000e-03,
                "sys_err_down": 6.000e-03,
                "tot_err_up": null,
                "tot_err_down": null,
                "q2min": 15,
                "q2max": 20,
                "method": "moments",
                "dataset": "run1+run2"
            },
            "obs@11": {
                "name": "K11(Lambdab2Lambdamumu)",
                "latex": "$K11(\\Lambda_b^0 \\to \\Lambda \\mu^+ \\mu^-)$",
                "value": -7.000e-03,
                "sta_err_up": 0.043,
                "sta_err_down": 0.043,
                "sys_err_up": 9.000e-03,
                "sys_err_down": 9.000e-03,
                "tot_err_up": null,
                "tot_err_down": null,
                "q2min": 15,
                "q2max": 20,
                "method": "moments",
                "dataset": "run1+run2"
            },
            "obs@12": {
                "name": "K12(Lambdab2Lambdamumu)",
                "latex": "$K12(\\Lambda_b^0 \\to \\Lambda \\mu^+ \\mu^-)$",
                "value": -9.000e-03,
                "sta_err_up": 0.063,
                "sta_err_down": 0.063,
                "sys_err_up": 0.014,
                "sys_err_down": 0.014,
                "tot_err_up": null,
                "tot_err_down": null,
                "q2min": 15,
                "q2max": 20,
                "method": "moments",
                "dataset": "run1+run2"
            },
            "obs@13": {
                "name": "K13(Lambdab2Lambdamumu)",
                "latex": "$K13(\\Lambda_b^0 \\to \\Lambda \\mu^+ \\mu^-)$",
                "value": 0.024,
                "sta_err_up": 0.045,
                "sta_err_down": 0.045,
                "sys_err_up": 0.01,
                "sys_err_down": 0.01,
                "tot_err_up": null,
                "tot_err_down": null,
                "q2min": 15,
                "q2max": 20,
                "method": "moments",
                "dataset": "run1+run2"
            },
            "obs@14": {
                "name": "K14(Lambdab2Lambdamumu)",
                "latex": "$K14(\\Lambda_b^0 \\to \\Lambda \\mu^+ \\mu^-)$",
                "value": 0.01,
                "sta_err_up": 0.082,
                "sta_err_down": 0.082,
                "sys_err_up": 0.013,
                "sys_err_down": 0.013,
                "tot_err_up": null,
                "tot_err_down": null,
                "q2min": 15,
                "q2max": 20,
                "method": "moments",
                "dataset": "run1+run2"
            },
            "obs@15": {
                "name": "K15(Lambdab2Lambdamumu)",
                "latex": "$K15(\\Lambda_b^0 \\to \\Lambda \\mu^+ \\mu^-)$",
                "value": 0.158,
                "sta_err_up": 0.117,
                "sta_err_down": 0.117,
                "sys_err_up": 0.027,
                "sys_err_down": 0.027,
                "tot_err_up": null,
                "tot_err_down": null,
                "q2min": 15,
                "q2max": 20,
                "method": "moments",
                "dataset": "run1+run2"
            },
            "obs@16": {
                "name": "K16(Lambdab2Lambdamumu)",
                "latex": "$K16(\\Lambda_b^0 \\to \\Lambda \\mu^+ \\mu^-)$",
                "value": 0.05,
                "sta_err_up": 0.084,
                "sta_err_down": 0.084,
                "sys_err_up": 0.023,
                "sys_err_down": 0.023,
                "tot_err_up": null,
                "tot_err_down": null,
                "q2min": 15,
                "q2max": 20,
                "method": "moments",
                "dataset": "run1+run2"
            },
            "obs@17": {
                "name": "K17(Lambdab2Lambdamumu)",
                "latex": "$K17(\\Lambda_b^0 \\to \\Lambda \\mu^+ \\mu^-)$",
                "value": -0.0,
                "sta_err_up": 0.12,
                "sta_err_down": 0.12,
                "sys_err_up": 0.022,
                "sys_err_down": 0.022,
                "tot_err_up": null,
                "tot_err_down": null,
                "q2min": 15,
                "q2max": 20,
                "method": "moments",
                "dataset": "run1+run2"
            },
            "obs@18": {
                "name": "K18(Lambdab2Lambdamumu)",
                "latex": "$K18(\\Lambda_b^0 \\to \\Lambda \\mu^+ \\mu^-)$",
                "value": -0.108,
                "sta_err_up": 0.058,
                "sta_err_down": 0.058,
                "sys_err_up": 8.000e-03,
                "sys_err_down": 8.000e-03,
                "tot_err_up": null,
                "tot_err_down": null,
                "q2min": 15,
                "q2max": 20,
                "method": "moments",
                "dataset": "run1+run2"
            },
            "obs@19": {
                "name": "K19(Lambdab2Lambdamumu)",
                "latex": "$K19(\\Lambda_b^0 \\to \\Lambda \\mu^+ \\mu^-)$",
                "value": -0.151,
                "sta_err_up": 0.122,
                "sta_err_down": 0.122,
                "sys_err_up": 0.022,
                "sys_err_down": 0.022,
                "tot_err_up": null,
                "tot_err_down": null,
                "q2min": 15,
                "q2max": 20,
                "method": "moments",
                "dataset": "run1+run2"
            },
            "obs@20": {
                "name": "K20(Lambdab2Lambdamumu)",
                "latex": "$K20(\\Lambda_b^0 \\to \\Lambda \\mu^+ \\mu^-)$",
                "value": -0.116,
                "sta_err_up": 0.056,
                "sta_err_down": 0.056,
                "sys_err_up": 8.000e-03,
                "sys_err_down": 8.000e-03,
                "tot_err_up": null,
                "tot_err_down": null,
                "q2min": 15,
                "q2max": 20,
                "method": "moments",
                "dataset": "run1+run2"
            },
            "obs@21": {
                "name": "K21(Lambdab2Lambdamumu)",
                "latex": "$K21(\\Lambda_b^0 \\to \\Lambda \\mu^+ \\mu^-)$",
                "value": -0.041,
                "sta_err_up": 0.105,
                "sta_err_down": 0.105,
                "sys_err_up": 0.02,
                "sys_err_down": 0.02,
                "tot_err_up": null,
                "tot_err_down": null,
                "q2min": 15,
                "q2max": 20,
                "method": "moments",
                "dataset": "run1+run2"
            },
            "obs@22": {
                "name": "K22(Lambdab2Lambdamumu)",
                "latex": "$K22(\\Lambda_b^0 \\to \\Lambda \\mu^+ \\mu^-)$",
                "value": -0.014,
                "sta_err_up": 0.045,
                "sta_err_down": 0.045,
                "sys_err_up": 7.000e-03,
                "sys_err_down": 7.000e-03,
                "tot_err_up": null,
                "tot_err_down": null,
                "q2min": 15,
                "q2max": 20,
                "method": "moments",
                "dataset": "run1+run2"
            },
            "obs@23": {
                "name": "K23(Lambdab2Lambdamumu)",
                "latex": "$K23(\\Lambda_b^0 \\to \\Lambda \\mu^+ \\mu^-)$",
                "value": -0.024,
                "sta_err_up": 0.077,
                "sta_err_down": 0.077,
                "sys_err_up": 0.012,
                "sys_err_down": 0.012,
                "tot_err_up": null,
                "tot_err_down": null,
                "q2min": 15,
                "q2max": 20,
                "method": "moments",
                "dataset": "run1+run2"
            },
            "obs@24": {
                "name": "K24(Lambdab2Lambdamumu)",
                "latex": "$K24(\\Lambda_b^0 \\to \\Lambda \\mu^+ \\mu^-)$",
                "value": 5.000e-03,
                "sta_err_up": 0.033,
                "sta_err_down": 0.033,
                "sys_err_up": 5.000e-03,
                "sys_err_down": 5.000e-03,
                "tot_err_up": null,
                "tot_err_down": null,
                "q2min": 15,
                "q2max": 20,
                "method": "moments",
                "dataset": "run1+run2"
            },
            "obs@25": {
                "name": "K25(Lambdab2Lambdamumu)",
                "latex": "$K25(\\Lambda_b^0 \\to \\Lambda \\mu^+ \\mu^-)$",
                "value": -0.226,
                "sta_err_up": 0.176,
                "sta_err_down": 0.176,
                "sys_err_up": 0.03,
                "sys_err_down": 0.03,
                "tot_err_up": null,
                "tot_err_down": null,
                "q2min": 15,
                "q2max": 20,
                "method": "moments",
                "dataset": "run1+run2"
            },
            "obs@26": {
                "name": "K26(Lambdab2Lambdamumu)",
                "latex": "$K26(\\Lambda_b^0 \\to \\Lambda \\mu^+ \\mu^-)$",
                "value": 0.14,
                "sta_err_up": 0.074,
                "sta_err_down": 0.074,
                "sys_err_up": 0.014,
                "sys_err_down": 0.014,
                "tot_err_up": null,
                "tot_err_down": null,
                "q2min": 15,
                "q2max": 20,
                "method": "moments",
                "dataset": "run1+run2"
            },
            "obs@27": {
                "name": "K27(Lambdab2Lambdamumu)",
                "latex": "$K27(\\Lambda_b^0 \\to \\Lambda \\mu^+ \\mu^-)$",
                "value": 0.016,
                "sta_err_up": 0.14,
                "sta_err_down": 0.14,
                "sys_err_up": 0.025,
                "sys_err_down": 0.025,
                "tot_err_up": null,
                "tot_err_down": null,
                "q2min": 15,
                "q2max": 20,
                "method": "moments",
                "dataset": "run1+run2"
            },
            "obs@28": {
                "name": "K28(Lambdab2Lambdamumu)",
                "latex": "$K28(\\Lambda_b^0 \\to \\Lambda \\mu^+ \\mu^-)$",
                "value": 0.032,
                "sta_err_up": 0.058,
                "sta_err_down": 0.058,
                "sys_err_up": 9.000e-03,
                "sys_err_down": 9.000e-03,
                "tot_err_up": null,
                "tot_err_down": null,
                "q2min": 15,
                "q2max": 20,
                "method": "moments",
                "dataset": "run1+run2"
            },
            "obs@29": {
                "name": "K29(Lambdab2Lambdamumu)",
                "latex": "$K29(\\Lambda_b^0 \\to \\Lambda \\mu^+ \\mu^-)$",
                "value": -0.127,
                "sta_err_up": 0.097,
                "sta_err_down": 0.097,
                "sys_err_up": 0.016,
                "sys_err_down": 0.016,
                "tot_err_up": null,
                "tot_err_down": null,
                "q2min": 15,
                "q2max": 20,
                "method": "moments",
                "dataset": "run1+run2"
            },
            "obs@30": {
                "name": "K30(Lambdab2Lambdamumu)",
                "latex": "$K30(\\Lambda_b^0 \\to \\Lambda \\mu^+ \\mu^-)$",
                "value": 0.011,
                "sta_err_up": 0.061,
                "sta_err_down": 0.061,
                "sys_err_up": 0.011,
                "sys_err_down": 0.011,
                "tot_err_up": null,
                "tot_err_down": null,
                "q2min": 15,
                "q2max": 20,
                "method": "moments",
                "dataset": "run1+run2"
            },
            "obs@31": {
                "name": "K31(Lambdab2Lambdamumu)",
                "latex": "$K31(\\Lambda_b^0 \\to \\Lambda \\mu^+ \\mu^-)$",
                "value": 0.18,
                "sta_err_up": 0.094,
                "sta_err_down": 0.094,
                "sys_err_up": 0.015,
                "sys_err_down": 0.015,
                "tot_err_up": null,
                "tot_err_down": null,
                "q2min": 15,
                "q2max": 20,
                "method": "moments",
                "dataset": "run1+run2"
            },
            "obs@32": {
                "name": "K32(Lambdab2Lambdamumu)",
                "latex": "$K32(\\Lambda_b^0 \\to \\Lambda \\mu^+ \\mu^-)$",
                "value": -9.000e-03,
                "sta_err_up": 0.055,
                "sta_err_down": 0.055,
                "sys_err_up": 8.000e-03,
                "sys_err_down": 8.000e-03,
                "tot_err_up": null,
                "tot_err_down": null,
                "q2min": 15,
                "q2max": 20,
                "method": "moments",
                "dataset": "run1+run2"
            },
            "obs@33": {
                "name": "K33(Lambdab2Lambdamumu)",
                "latex": "$K33(\\Lambda_b^0 \\to \\Lambda \\mu^+ \\mu^-)$",
                "value": 0.022,
                "sta_err_up": 0.06,
                "sta_err_down": 0.06,
                "sys_err_up": 9.000e-03,
                "sys_err_down": 9.000e-03,
                "tot_err_up": null,
                "tot_err_down": null,
                "q2min": 15,
                "q2max": 20,
                "method": "moments",
                "dataset": "run1+run2"
            },
            "obs@34": {
                "name": "K34(Lambdab2Lambdamumu)",
                "latex": "$K34(\\Lambda_b^0 \\to \\Lambda \\mu^+ \\mu^-)$",
                "value": 0.06,
                "sta_err_up": 0.058,
                "sta_err_down": 0.058,
                "sys_err_up": 9.000e-03,
                "sys_err_down": 9.000e-03,
                "tot_err_up": null,
                "tot_err_down": null,
                "q2min": 15,
                "q2max": 20,
                "method": "moments",
                "dataset": "run1+run2"
            },
            "correlation": [
    [ 1.0000000, -1.0000000,  0.3389573, -0.1962419,  0.2137827, -0.2327154,  0.0197257, -0.0821587,  0.0217096, -0.0524018, -0.0549847,  0.1146784, -0.1086045,  0.0051495, -0.0759601,  0.0961782,  0.0315352, -0.0858927,  0.0020254, -0.0925633,  0.0102596,  0.0522444, -0.0367594,  0.0478621,  0.0669059, -0.0027924, -0.0290670,  0.0074043,  0.1490395, -0.0489924, -0.1375338,  0.0808172, -0.0304357, -0.0686266],
    [-1.0000000,  1.0000000, -0.3389573,  0.1962419, -0.2137827,  0.2327154, -0.0197257,  0.0821587, -0.0217096,  0.0524018,  0.0549847, -0.1146784,  0.1086045, -0.0051495,  0.0759601, -0.0961782, -0.0315352,  0.0858927, -0.0020254,  0.0925633, -0.0102596, -0.0522444,  0.0367594, -0.0478621, -0.0669059,  0.0027924,  0.0290670, -0.0074043, -0.1490395,  0.0489924,  0.1375338, -0.0808172,  0.0304357,  0.0686266],
    [ 0.3389573, -0.3389573,  1.0000000, -0.0772704,  0.3209345, -0.1058921, -0.0659147, -0.0407739, -0.0528116, -0.0331791, -0.0163531,  0.0837494,  0.0090585,  0.0867360, -0.0476531,  0.0724261, -0.0033988, -0.0127846, -0.0373562, -0.0412368, -0.0872057,  0.0018962, -0.0540448,  0.0154819,  0.1510703, -0.0444760,  0.0393946,  0.0316459, -0.0949666,  0.0234545, -0.0630685,  0.0582471,  0.0437487,  0.0260700],
    [-0.1962419,  0.1962419, -0.0772704,  1.0000000, -0.4008742,  0.0282591, -0.0207264,  0.0013495,  0.0223298, -0.0350079,  0.0106248, -0.0193623,  0.0877013, -0.0629622,  0.0866751, -0.0144208, -0.0165359,  0.0693780,  0.0337011,  0.0078517, -0.0264643,  0.0738091,  0.0167071,  0.0282653, -0.0182345, -0.0311585,  0.0347682,  0.1115239,  0.0014042,  0.0172215,  0.0490678, -0.0760513, -0.0406901, -0.0143057],
    [ 0.2137827, -0.2137827,  0.3209345, -0.4008742,  1.0000000, -0.4203538, -0.0179890, -0.0114994,  0.0185002, -0.0130837, -0.0064050,  0.0733992, -0.0422598,  0.0648526, -0.1596834,  0.0912185,  0.0270136, -0.0394567,  0.0024609, -0.0015480, -0.0976954,  0.0628853, -0.0016832,  0.0150924,  0.0224902, -0.0362788, -0.0352246, -0.0483154, -0.1791374,  0.0359449, -0.0911244,  0.0491246,  0.0636071,  0.0551671],
    [-0.2327154,  0.2327154, -0.1058921,  0.0282591, -0.4203538,  1.0000000, -0.0089728, -0.0109177, -0.0393681,  0.0462239,  0.0658526, -0.0595522,  0.0601356,  0.0098663,  0.0726986, -0.0919432, -0.0208507, -0.0016131,  0.0018374,  0.0468770,  0.1751371, -0.0773530,  0.0304105,  0.0128700, -0.0920643,  0.0068865,  0.0025912,  0.0113306,  0.0775455,  0.0116428, -0.0035703, -0.0391075, -0.0380841, -0.0437933],
    [ 0.0197257, -0.0197257, -0.0659147, -0.0207264, -0.0179890, -0.0089728,  1.0000000, -0.2492902,  0.0520926, -0.1170601,  0.0212600, -0.0298526,  0.0008086, -0.0029383,  0.0146224, -0.0422083,  0.0885331, -0.0234868,  0.0607370, -0.0333498,  0.1032743,  0.0023387,  0.0936833,  0.0005741,  0.1159593, -0.0300539, -0.0231296, -0.0528672,  0.0196682,  0.0474453,  0.0148397, -0.0207831, -0.0192732, -0.0766370],
    [-0.0821587,  0.0821587, -0.0407739,  0.0013495, -0.0114994, -0.0109177, -0.2492902,  1.0000000, -0.1020237,  0.0517178, -0.1003825,  0.0377287,  0.0056813,  0.0761617, -0.0484378,  0.0035608, -0.0337865,  0.0457496, -0.0296047,  0.0134121,  0.0200072,  0.0269524,  0.0245347,  0.0310755, -0.0561860,  0.0099266, -0.0254110, -0.0658426,  0.0337613, -0.1547237, -0.0442530,  0.0434496, -0.0579380,  0.1037849],
    [ 0.0217096, -0.0217096, -0.0528116,  0.0223298,  0.0185002, -0.0393681,  0.0520926, -0.1020237,  1.0000000, -0.2975840,  0.0112520,  0.0008136, -0.0639339,  0.0128370, -0.0019721,  0.0102165,  0.0808263, -0.0477550,  0.1144271, -0.0396334,  0.0277178, -0.0052020, -0.0623255, -0.0078715, -0.0814593,  0.0033250, -0.0069204,  0.0234891,  0.0553218, -0.0342809,  0.0033733,  0.0016964, -0.0088225,  0.0123649],
    [-0.0524018,  0.0524018, -0.0331791, -0.0350079, -0.0130837,  0.0462239, -0.1170601,  0.0517178, -0.2975840,  1.0000000, -0.1403397,  0.0376114,  0.0054614,  0.0252880, -0.0125879,  0.0229034, -0.0407254,  0.0382114, -0.0465933,  0.0165455,  0.0141226,  0.0360100,  0.0034197, -0.0023501, -0.0241718, -0.0195049,  0.0273351, -0.0092365, -0.0678867,  0.0104155, -0.0490688, -0.0004389,  0.0015940,  0.0421991],
    [-0.0549847,  0.0549847, -0.0163531,  0.0106248, -0.0064050,  0.0658526,  0.0212600, -0.1003825,  0.0112520, -0.1403397,  1.0000000, -0.4177778,  0.0061645, -0.3133228,  0.1952066, -0.0382692, -0.0254322, -0.1005598,  0.0817004, -0.1156568, -0.0030424,  0.0303411, -0.0656050, -0.0164795,  0.0360802,  0.0234794, -0.0244753,  0.0685796,  0.0225720,  0.0183283,  0.0348483, -0.0769122,  0.0313770, -0.0217473],
    [ 0.1146784, -0.1146784,  0.0837494, -0.0193623,  0.0733992, -0.0595522, -0.0298526,  0.0377287,  0.0008136,  0.0376114, -0.4177778,  1.0000000, -0.4409648,  0.2033751, -0.3757981,  0.3920292,  0.0909587,  0.0038936, -0.0295093,  0.0068545,  0.0191186,  0.0201054, -0.0343399,  0.0131516, -0.0325301,  0.0047813, -0.0106120, -0.0369709, -0.0177774,  0.0066382, -0.0649943,  0.0447876, -0.0003021,  0.0237501],
    [-0.1086045,  0.1086045,  0.0090585,  0.0877013, -0.0422598,  0.0601356,  0.0008086,  0.0056813, -0.0639339,  0.0054614,  0.0061645, -0.4409648,  1.0000000, -0.0400251,  0.3969285, -0.2566285, -0.1255223,  0.0327456, -0.0750998,  0.0366622,  0.0383270,  0.0113825,  0.0120404, -0.0780230, -0.0004444, -0.0275246,  0.0022254, -0.0133729, -0.0134685,  0.0190713,  0.0838896, -0.0261902,  0.0221542,  0.0045808],
    [ 0.0051495, -0.0051495,  0.0867360, -0.0629622,  0.0648526,  0.0098663, -0.0029383,  0.0761617,  0.0128370,  0.0252880, -0.3133228,  0.2033751, -0.0400251,  1.0000000, -0.4246424, -0.0282441, -0.0635950,  0.0611181, -0.0123737,  0.0586619,  0.0034731,  0.0339092, -0.0093804,  0.0416812,  0.0209792, -0.0380867, -0.0687997,  0.0086547, -0.0428557,  0.0721997, -0.0263053,  0.0551125, -0.0196380, -0.0431313],
    [-0.0759601,  0.0759601, -0.0476531,  0.0866751, -0.1596834,  0.0726986,  0.0146224, -0.0484378, -0.0019721, -0.0125879,  0.1952066, -0.3757981,  0.3969285, -0.4246424,  1.0000000, -0.3778385, -0.0562013,  0.0034173,  0.0424838, -0.0494219, -0.0196709, -0.0247494, -0.0098183, -0.0166841,  0.0424329,  0.0124727,  0.0019061, -0.0282185,  0.0277337, -0.0244799,  0.1204268, -0.0555287, -0.0025722,  0.0353168],
    [ 0.0961782, -0.0961782,  0.0724261, -0.0144208,  0.0912185, -0.0919432, -0.0422083,  0.0035608,  0.0102165,  0.0229034, -0.0382692,  0.3920292, -0.2566285, -0.0282441, -0.3778385,  1.0000000,  0.0275110, -0.0727212, -0.0246299,  0.0345148,  0.0095696,  0.0005176, -0.0123212, -0.0051460,  0.0297087,  0.0380611,  0.0053456, -0.0658177,  0.0264403, -0.0403058, -0.0923925,  0.0437678, -0.0045039, -0.0234912],
    [ 0.0315352, -0.0315352, -0.0033988, -0.0165359,  0.0270136, -0.0208507,  0.0885331, -0.0337865,  0.0808263, -0.0407254, -0.0254322,  0.0909587, -0.1255223, -0.0635950, -0.0562013,  0.0275110,  1.0000000, -0.2098076, -0.0270342, -0.0595754, -0.0034630, -0.0169769, -0.0198840,  0.0527468, -0.0379172,  0.0371127,  0.0485721, -0.0006380, -0.0018070, -0.0237965,  0.0161273, -0.0335703, -0.0982930, -0.0055704],
    [-0.0858927,  0.0858927, -0.0127846,  0.0693780, -0.0394567, -0.0016131, -0.0234868,  0.0457496, -0.0477550,  0.0382114, -0.1005598,  0.0038936,  0.0327456,  0.0611181,  0.0034173, -0.0727212, -0.2098076,  1.0000000, -0.0731295, -0.0206514,  0.0003645, -0.0282291,  0.0462421, -0.0365363,  0.0052518, -0.0734961, -0.0058936,  0.0313918, -0.0583340, -0.0409071,  0.0015676,  0.0041978, -0.0213949,  0.1203794],
    [ 0.0020254, -0.0020254, -0.0373562,  0.0337011,  0.0024609,  0.0018374,  0.0607370, -0.0296047,  0.1144271, -0.0465933,  0.0817004, -0.0295093, -0.0750998, -0.0123737,  0.0424838, -0.0246299, -0.0270342, -0.0731295,  1.0000000, -0.2428364,  0.0246181, -0.0180675,  0.0303255,  0.0304101,  0.0849373,  0.0178663,  0.0104326,  0.0031202, -0.0095318, -0.0694467,  0.0215810, -0.0493313,  0.0287471,  0.0012404],
    [-0.0925633,  0.0925633, -0.0412368,  0.0078517, -0.0015480,  0.0468770, -0.0333498,  0.0134121, -0.0396334,  0.0165455, -0.1156568,  0.0068545,  0.0366622,  0.0586619, -0.0494219,  0.0345148, -0.0595754, -0.0206514, -0.2428364,  1.0000000, -0.0461607, -0.0463100,  0.0163061, -0.0088438,  0.0093452,  0.0817246, -0.0148029,  0.0218933, -0.0054988, -0.0177658, -0.0210723,  0.0551252, -0.0035237, -0.0157861],
    [ 0.0102596, -0.0102596, -0.0872057, -0.0264643, -0.0976954,  0.1751371,  0.1032743,  0.0200072,  0.0277178,  0.0141226, -0.0030424,  0.0191186,  0.0383270,  0.0034731, -0.0196709,  0.0095696, -0.0034630,  0.0003645,  0.0246181, -0.0461607,  1.0000000, -0.3014659, -0.0457292,  0.0623217, -0.0861417,  0.1501408,  0.0376037, -0.0066579,  0.0917147, -0.0687914, -0.0689206,  0.0057992, -0.0261606, -0.0192205],
    [ 0.0522444, -0.0522444,  0.0018962,  0.0738091,  0.0628853, -0.0773530,  0.0023387,  0.0269524, -0.0052020,  0.0360100,  0.0303411,  0.0201054,  0.0113825,  0.0339092, -0.0247494,  0.0005176, -0.0169769, -0.0282291, -0.0180675, -0.0463100, -0.3014659,  1.0000000,  0.0574115, -0.1122647,  0.1496035, -0.1146236,  0.0073542, -0.0152961, -0.0436230,  0.1662205,  0.0219507, -0.0703344,  0.0740203, -0.0687998],
    [-0.0367594,  0.0367594, -0.0540448,  0.0167071, -0.0016832,  0.0304105,  0.0936833,  0.0245347, -0.0623255,  0.0034197, -0.0656050, -0.0343399,  0.0120404, -0.0093804, -0.0098183, -0.0123212, -0.0198840,  0.0462421,  0.0303255,  0.0163061, -0.0457292,  0.0574115,  1.0000000, -0.2112190,  0.0286674,  0.0018117, -0.1143626,  0.1816934,  0.0122707,  0.0115519, -0.0019726, -0.0124153, -0.0213591, -0.0539471],
    [ 0.0478621, -0.0478621,  0.0154819,  0.0282653,  0.0150924,  0.0128700,  0.0005741,  0.0310755, -0.0078715, -0.0023501, -0.0164795,  0.0131516, -0.0780230,  0.0416812, -0.0166841, -0.0051460,  0.0527468, -0.0365363,  0.0304101, -0.0088438,  0.0623217, -0.1122647, -0.2112190,  1.0000000,  0.0236071, -0.0447121,  0.1664328, -0.1464522, -0.0187578, -0.0195925,  0.0176005, -0.0364830, -0.0863723,  0.0056092],
    [ 0.0669059, -0.0669059,  0.1510703, -0.0182345,  0.0224902, -0.0920643,  0.1159593, -0.0561860, -0.0814593, -0.0241718,  0.0360802, -0.0325301, -0.0004444,  0.0209792,  0.0424329,  0.0297087, -0.0379172,  0.0052518,  0.0849373,  0.0093452, -0.0861417,  0.1496035,  0.0286674,  0.0236071,  1.0000000, -0.3046840, -0.0007767, -0.0073702,  0.0525130, -0.0289912,  0.0177634,  0.0544738, -0.0191254, -0.0301489],
    [-0.0027924,  0.0027924, -0.0444760, -0.0311585, -0.0362788,  0.0068865, -0.0300539,  0.0099266,  0.0033250, -0.0195049,  0.0234794,  0.0047813, -0.0275246, -0.0380867,  0.0124727,  0.0380611,  0.0371127, -0.0734961,  0.0178663,  0.0817246,  0.1501408, -0.1146236,  0.0018117, -0.0447121, -0.3046840,  1.0000000, -0.0059740, -0.0582853,  0.0223585,  0.0535007, -0.0317798, -0.0739715,  0.1012036, -0.0523550],
    [-0.0290670,  0.0290670,  0.0393946,  0.0347682, -0.0352246,  0.0025912, -0.0231296, -0.0254110, -0.0069204,  0.0273351, -0.0244753, -0.0106120,  0.0022254, -0.0687997,  0.0019061,  0.0053456,  0.0485721, -0.0058936,  0.0104326, -0.0148029,  0.0376037,  0.0073542, -0.1143626,  0.1664328, -0.0007767, -0.0059740,  1.0000000, -0.1302251,  0.0028298, -0.0078444,  0.0843331, -0.0566336,  0.0332518,  0.0340635],
    [ 0.0074043, -0.0074043,  0.0316459,  0.1115239, -0.0483154,  0.0113306, -0.0528672, -0.0658426,  0.0234891, -0.0092365,  0.0685796, -0.0369709, -0.0133729,  0.0086547, -0.0282185, -0.0658177, -0.0006380,  0.0313918,  0.0031202,  0.0218933, -0.0066579, -0.0152961,  0.1816934, -0.1464522, -0.0073702, -0.0582853, -0.1302251,  1.0000000,  0.0238501, -0.0022522, -0.0386416,  0.0442944, -0.0118182,  0.0113652],
    [ 0.1490395, -0.1490395, -0.0949666,  0.0014042, -0.1791374,  0.0775455,  0.0196682,  0.0337613,  0.0553218, -0.0678867,  0.0225720, -0.0177774, -0.0134685, -0.0428557,  0.0277337,  0.0264403, -0.0018070, -0.0583340, -0.0095318, -0.0054988,  0.0917147, -0.0436230,  0.0122707, -0.0187578,  0.0525130,  0.0223585,  0.0028298,  0.0238501,  1.0000000, -0.3856269, -0.1240150,  0.0399320,  0.0298771, -0.1484538],
    [-0.0489924,  0.0489924,  0.0234545,  0.0172215,  0.0359449,  0.0116428,  0.0474453, -0.1547237, -0.0342809,  0.0104155,  0.0183283,  0.0066382,  0.0190713,  0.0721997, -0.0244799, -0.0403058, -0.0237965, -0.0409071, -0.0694467, -0.0177658, -0.0687914,  0.1662205,  0.0115519, -0.0195925, -0.0289912,  0.0535007, -0.0078444, -0.0022522, -0.3856269,  1.0000000,  0.0381236, -0.0447458,  0.1401938, -0.2405703],
    [-0.1375338,  0.1375338, -0.0630685,  0.0490678, -0.0911244, -0.0035703,  0.0148397, -0.0442530,  0.0033733, -0.0490688,  0.0348483, -0.0649943,  0.0838896, -0.0263053,  0.1204268, -0.0923925,  0.0161273,  0.0015676,  0.0215810, -0.0210723, -0.0689206,  0.0219507, -0.0019726,  0.0176005,  0.0177634, -0.0317798,  0.0843331, -0.0386416, -0.1240150,  0.0381236,  1.0000000, -0.4004544, -0.1064479,  0.0756371],
    [ 0.0808172, -0.0808172,  0.0582471, -0.0760513,  0.0491246, -0.0391075, -0.0207831,  0.0434496,  0.0016964, -0.0004389, -0.0769122,  0.0447876, -0.0261902,  0.0551125, -0.0555287,  0.0437678, -0.0335703,  0.0041978, -0.0493313,  0.0551252,  0.0057992, -0.0703344, -0.0124153, -0.0364830,  0.0544738, -0.0739715, -0.0566336,  0.0442944,  0.0399320, -0.0447458, -0.4004544,  1.0000000, -0.2226140, -0.0718598],
    [-0.0304357,  0.0304357,  0.0437487, -0.0406901,  0.0636071, -0.0380841, -0.0192732, -0.0579380, -0.0088225,  0.0015940,  0.0313770, -0.0003021,  0.0221542, -0.0196380, -0.0025722, -0.0045039, -0.0982930, -0.0213949,  0.0287471, -0.0035237, -0.0261606,  0.0740203, -0.0213591, -0.0863723, -0.0191254,  0.1012036,  0.0332518, -0.0118182,  0.0298771,  0.1401938, -0.1064479, -0.2226140,  1.0000000, -0.0395250],
    [-0.0686266,  0.0686266,  0.0260700, -0.0143057,  0.0551671, -0.0437933, -0.0766370,  0.1037849,  0.0123649,  0.0421991, -0.0217473,  0.0237501,  0.0045808, -0.0431313,  0.0353168, -0.0234912, -0.0055704,  0.1203794,  0.0012404, -0.0157861, -0.0192205, -0.0687998, -0.0539471,  0.0056092, -0.0301489, -0.0523550,  0.0340635,  0.0113652, -0.1484538, -0.2405703,  0.0756371, -0.0718598, -0.0395250,  1.0000000]
            ]
        },
        {
            "obs@1": {
                "name": "K1(Lambdab2Lambdamumu)",
                "latex": "$K1(\\Lambda_b^0 \\to \\Lambda \\mu^+ \\mu^-)$",
                "value": 0.376,
                "sta_err_up": 0.029,
                "sta_err_down": 0.029,
                "sys_err_up": 6.000e-03,
                "sys_err_down": 6.000e-03,
                "tot_err_up": null,
                "tot_err_down": null,
                "q2min": 15,
                "q2max": 20,
                "method": "moments",
                "dataset": "run1"
            },
            "obs@2": {
                "name": "K2(Lambdab2Lambdamumu)",
                "latex": "$K2(\\Lambda_b^0 \\to \\Lambda \\mu^+ \\mu^-)$",
                "value": 0.248,
                "sta_err_up": 0.057,
                "sta_err_down": 0.057,
                "sys_err_up": 0.012,
                "sys_err_down": 0.012,
                "tot_err_up": null,
                "tot_err_down": null,
                "q2min": 15,
                "q2max": 20,
                "method": "moments",
                "dataset": "run1"
            },
            "obs@3": {
                "name": "K3(Lambdab2Lambdamumu)",
                "latex": "$K3(\\Lambda_b^0 \\to \\Lambda \\mu^+ \\mu^-)$",
                "value": -0.241,
                "sta_err_up": 0.041,
                "sta_err_down": 0.041,
                "sys_err_up": 8.000e-03,
                "sys_err_down": 8.000e-03,
                "tot_err_up": null,
                "tot_err_down": null,
                "q2min": 15,
                "q2max": 20,
                "method": "moments",
                "dataset": "run1"
            },
            "obs@4": {
                "name": "K4(Lambdab2Lambdamumu)",
                "latex": "$K4(\\Lambda_b^0 \\to \\Lambda \\mu^+ \\mu^-)$",
                "value": -0.212,
                "sta_err_up": 0.07,
                "sta_err_down": 0.07,
                "sys_err_up": 0.013,
                "sys_err_down": 0.013,
                "tot_err_up": null,
                "tot_err_down": null,
                "q2min": 15,
                "q2max": 20,
                "method": "moments",
                "dataset": "run1"
            },
            "obs@5": {
                "name": "K5(Lambdab2Lambdamumu)",
                "latex": "$K5(\\Lambda_b^0 \\to \\Lambda \\mu^+ \\mu^-)$",
                "value": -0.123,
                "sta_err_up": 0.117,
                "sta_err_down": 0.117,
                "sys_err_up": 0.02,
                "sys_err_down": 0.02,
                "tot_err_up": null,
                "tot_err_down": null,
                "q2min": 15,
                "q2max": 20,
                "method": "moments",
                "dataset": "run1"
            },
            "obs@6": {
                "name": "K6(Lambdab2Lambdamumu)",
                "latex": "$K6(\\Lambda_b^0 \\to \\Lambda \\mu^+ \\mu^-)$",
                "value": 0.247,
                "sta_err_up": 0.079,
                "sta_err_down": 0.079,
                "sys_err_up": 0.017,
                "sys_err_down": 0.017,
                "tot_err_up": null,
                "tot_err_down": null,
                "q2min": 15,
                "q2max": 20,
                "method": "moments",
                "dataset": "run1"
            },
            "obs@7": {
                "name": "K7(Lambdab2Lambdamumu)",
                "latex": "$K7(\\Lambda_b^0 \\to \\Lambda \\mu^+ \\mu^-)$",
                "value": -0.027,
                "sta_err_up": 0.124,
                "sta_err_down": 0.124,
                "sys_err_up": 0.022,
                "sys_err_down": 0.022,
                "tot_err_up": null,
                "tot_err_down": null,
                "q2min": 15,
                "q2max": 20,
                "method": "moments",
                "dataset": "run1"
            },
            "obs@8": {
                "name": "K8(Lambdab2Lambdamumu)",
                "latex": "$K8(\\Lambda_b^0 \\to \\Lambda \\mu^+ \\mu^-)$",
                "value": -0.081,
                "sta_err_up": 0.054,
                "sta_err_down": 0.054,
                "sys_err_up": 0.01,
                "sys_err_down": 0.01,
                "tot_err_up": null,
                "tot_err_down": null,
                "q2min": 15,
                "q2max": 20,
                "method": "moments",
                "dataset": "run1"
            },
            "obs@9": {
                "name": "K9(Lambdab2Lambdamumu)",
                "latex": "$K9(\\Lambda_b^0 \\to \\Lambda \\mu^+ \\mu^-)$",
                "value": -0.123,
                "sta_err_up": 0.115,
                "sta_err_down": 0.115,
                "sys_err_up": 0.018,
                "sys_err_down": 0.018,
                "tot_err_up": null,
                "tot_err_down": null,
                "q2min": 15,
                "q2max": 20,
                "method": "moments",
                "dataset": "run1"
            },
            "obs@10": {
                "name": "K10(Lambdab2Lambdamumu)",
                "latex": "$K10(\\Lambda_b^0 \\to \\Lambda \\mu^+ \\mu^-)$",
                "value": 0.021,
                "sta_err_up": 0.051,
                "sta_err_down": 0.051,
                "sys_err_up": 9.000e-03,
                "sys_err_down": 9.000e-03,
                "tot_err_up": null,
                "tot_err_down": null,
                "q2min": 15,
                "q2max": 20,
                "method": "moments",
                "dataset": "run1"
            },
            "obs@11": {
                "name": "K11(Lambdab2Lambdamumu)",
                "latex": "$K11(\\Lambda_b^0 \\to \\Lambda \\mu^+ \\mu^-)$",
                "value": -0.03,
                "sta_err_up": 0.062,
                "sta_err_down": 0.062,
                "sys_err_up": 0.014,
                "sys_err_down": 0.014,
                "tot_err_up": null,
                "tot_err_down": null,
                "q2min": 15,
                "q2max": 20,
                "method": "moments",
                "dataset": "run1"
            },
            "obs@12": {
                "name": "K12(Lambdab2Lambdamumu)",
