Belle B->munu 2020:
  experiment: Belle
  inspire: Belle:2019iji
  values:
    BR(B+->munu): (5.3 ± 2.0 ± 0.9) e-7

Belle B->enu 2007: # this is the same as HFLAV rad 2018 for electron
  experiment: Belle
  inspire: Belle:2006tbq
  values:
    BR(B+->enu): < 9.8e-7 @ 90% CL

    Belle phigamma 2014:
  experiment: Belle
  inspire: Dutta:2014sxo
  values:
    BR(Bs->phigamma): 3.6 ± 0.5 ± 0.3 ± 0.6 e-5

Belle B0->pilnu 2013:
  experiment: Belle
  inspire: Sibidanov:2013rkk
  values:
    - name: <BR>(B0->pilnu)
      q2min: 0
      q2max: 2
      value: 19.5±3.2 e-6
    - name: <BR>(B0->pilnu)
      q2min: 2
      q2max: 4
      value: 10.6±2.7 e-6
    - name: <BR>(B0->pilnu)
      q2min: 4
      q2max: 6
      value: 15.1±2.8 e-6
    - name: <BR>(B0->pilnu)
      q2min: 6
      q2max: 8
      value: 9.7±2.3 e-6
    - name: <BR>(B0->pilnu)
      q2min: 8
      q2max: 10
      value:  7.8±2.2 e-6
    - name: <BR>(B0->pilnu)
      q2min: 10
      q2max: 12
      value: 15.9±2.8 e-6
    - name: <BR>(B0->pilnu)
      q2min: 12
      q2max: 14
      value:  13.5±2.7 e-6
    - name: <BR>(B0->pilnu)
      q2min: 14
      q2max: 16
      value: 13.6±2.8 e-6
    - name: <BR>(B0->pilnu)
      q2min: 16
      q2max: 18
      value: 10.7±2.5 e-6
    - name: <BR>(B0->pilnu)
      q2min: 18
      q2max: 20
      value: 11.6±2.5 e-6
    - name: <BR>(B0->pilnu)
      q2min: 20
      q2max: 22
      value:  11.8±2.8 e-6
    - name: <BR>(B0->pilnu)
      q2min: 22
      q2max: 24
      value: 6.7±2.1 e-6
    - name: <BR>(B0->pilnu)
      q2min: 24
      q2max: 26
      value:  2.8±3.1 e-6
  correlation: [[ 1.   , -0.145,  0.01 , -0.001,  0.   ,  0.   ,  0.   ,  0.   , 0.   , -0.   , -0.   ,  0.001,  0.001],
                [-0.145,  1.   , -0.1  ,  0.008, -0.   ,  0.001, -0.002, -0.001, -0.001,  0.001, -0.001, -0.   ,  0.   ],
                [ 0.01 , -0.1  ,  1.   , -0.094,  0.003, -0.001,  0.   ,  0.001, 0.001, -0.002, -0.002,  0.   ,  0.004],
                [-0.001,  0.008, -0.094,  1.   , -0.078,  0.005,  0.   ,  0.   , 0.001, -0.001,  0.002,  0.002,  0.005],
                [ 0.   , -0.   ,  0.003, -0.078,  1.   , -0.097,  0.003,  0.001, 0.001,  0.   ,  0.004,  0.003,  0.009],
                [ 0.   ,  0.001, -0.001,  0.005, -0.097,  1.   , -0.072,  0.005, 0.001,  0.003,  0.005,  0.004,  0.013],
                [ 0.   , -0.002,  0.   ,  0.   ,  0.003, -0.072,  1.   , -0.062, 0.004,  0.002,  0.001,  0.002,  0.01 ],
                [ 0.   , -0.001,  0.001,  0.   ,  0.001,  0.005, -0.062,  1.   , -0.059,  0.002,  0.003,  0.002,  0.011],
                [ 0.   , -0.001,  0.001,  0.001,  0.001,  0.001,  0.004, -0.059, 1.   , -0.047,  0.001, -0.   ,  0.009],
                [-0.   ,  0.001, -0.002, -0.001,  0.   ,  0.003,  0.002,  0.002, -0.047,  1.   , -0.018,  0.002,  0.005],
                [-0.   , -0.001, -0.002,  0.002,  0.004,  0.005,  0.001,  0.003, 0.001, -0.018,  1.   , -0.055, -0.02 ],
                [ 0.001, -0.   ,  0.   ,  0.002,  0.003,  0.004,  0.002,  0.002, -0.   ,  0.002, -0.055,  1.   , -0.012],
                [ 0.001,  0.   ,  0.004,  0.005,  0.009,  0.013,  0.01 ,  0.011, 0.009,  0.005, -0.02 , -0.012,  1.   ]]

Belle B0->pilnu 2013 total BR:
  experiment: Belle
  inspire: Sibidanov:2013rkk
  values:
    BR(B0->pilnu): 149.4±9.1 e-6
    BR(B+->pilnu):  81.2±7.4 e-6

Belle B0->pitaunu 2015 total BR:
  experiment: Belle
  inspire: Hamer:2015jsa
  values:
    BR(B0->pitaunu): 1.52 ± 0.72 ± 0.13 e-4

Belle B0->rholnu 2013 total BR:
  experiment: Belle
  inspire: Sibidanov:2013rkk
  values:
    BR(B0->rholnu): 326.2±26.3 e-6

Belle B+->rholnu 2013 total BR:
  experiment: Belle
  inspire: Sibidanov:2013rkk
  values:
    BR(B+->rholnu): 183.5±10.4 e-6

Belle B+->pilnu 2013:
  experiment: Belle
  inspire: Sibidanov:2013rkk
  values:
    - name: <BR>(B+->pilnu)
      q2min: 0
      q2max: 4
      value: 18.1±3. e-6
    - name: <BR>(B+->pilnu)
      q2min: 4
      q2max: 8
      value: 15.7±3.4 e-6
    - name: <BR>(B+->pilnu)
      q2min: 8
      q2max: 12
      value: 10.8±2.7 e-6
    - name: <BR>(B+->pilnu)
      q2min: 12
      q2max: 16
      value: 18.5±3.4 e-6
    - name: <BR>(B+->pilnu)
      q2min: 16
      q2max: 20
      value: 10.7±2.8 e-6
    - name: <BR>(B+->pilnu)
      q2min: 20
      q2max: 24
      value: 5.1±2. e-6
    - name: <BR>(B+->pilnu)
      q2min: 24
      q2max: 28
      value: 2.3±2.5 e-6
  correlation: [[ 1.   , -0.159,  0.035,  0.012,  0.013,  0.016,  0.021],
               [-0.159,  1.   , -0.149,  0.03 ,  0.013,  0.015,  0.025],
               [ 0.035, -0.149,  1.   , -0.098,  0.034,  0.028,  0.042],
               [ 0.012,  0.03 , -0.098,  1.   , -0.112,  0.028,  0.035],
               [ 0.013,  0.013,  0.034, -0.112,  1.   , -0.115,  0.026],
               [ 0.016,  0.015,  0.028,  0.028, -0.115,  1.   , -0.131],
               [ 0.021,  0.025,  0.042,  0.035,  0.026, -0.131,  1.   ]]




Belle B0->rholnu 2013:
  experiment: Belle
  inspire: Sibidanov:2013rkk
  values:
    - name: <BR>(B0->rholnu)
      q2min: 0
      q2max: 4
      value: 37.3±10. e-6
    - name: <BR>(B0->rholnu)
      q2min: 4
      q2max: 8
      value:  71.8±11.6 e-6
    - name: <BR>(B0->rholnu)
      q2min: 8
      q2max: 12
      value:  80.6±12.3 e-6
    - name: <BR>(B0->rholnu)
      q2min: 12
      q2max: 16
      value: 72.3±12.5 e-6
    - name: <BR>(B0->rholnu)
      q2min: 16
      q2max: 20
      value: 62.6±11.5 e-6
    - name: <BR>(B0->rholnu)
      q2min: 20
      q2max: 24
      value: 1.7± 7.9 e-6
  correlation: [[ 1.   , -0.141,  0.024,  0.009,  0.011,  0.016],
               [-0.141,  1.   , -0.112,  0.03 ,  0.024,  0.025],
               [ 0.024, -0.112,  1.   , -0.075,  0.05 ,  0.058],
               [ 0.009,  0.03 , -0.075,  1.   , -0.088,  0.061],
               [ 0.011,  0.024,  0.05 , -0.088,  1.   , -0.102],
               [ 0.016,  0.025,  0.058,  0.061, -0.102,  1.   ]]

Belle B+->rholnu 2013:
  experiment: Belle
  inspire: Sibidanov:2013rkk
  values:
    - name: <BR>(B+->rholnu)
      q2min: 0
      q2max: 2
      value: 12.4±3.4  e-6
    - name: <BR>(B+->rholnu)
      q2min: 2
      q2max: 4
      value:  15.3±3.1 e-6
    - name: <BR>(B+->rholnu)
      q2min: 4
      q2max: 6
      value: 17.9±3.4 e-6
    - name: <BR>(B+->rholnu)
      q2min: 6
      q2max: 8
      value: 21.7±3.4 e-6
    - name: <BR>(B+->rholnu)
      q2min: 8
      q2max: 10
      value: 14.3±2.9 e-6
    - name: <BR>(B+->rholnu)
      q2min: 10
      q2max: 12
      value: 19.9±3.4 e-6
    - name: <BR>(B+->rholnu)
      q2min: 12
      q2max: 14
      value:  22.4±3.4 e-6
    - name: <BR>(B+->rholnu)
      q2min: 14
      q2max: 16
      value:  21.7±3.3 e-6
    - name: <BR>(B+->rholnu)
      q2min: 16
      q2max: 18
      value: 17.5±3.2 e-6
    - name: <BR>(B+->rholnu)
      q2min: 18
      q2max: 20
      value:  14.3±2.8 e-6
    - name: <BR>(B+->rholnu)
      q2min: 20
      q2max: 22
      value: 5.9±2.6 e-6
  correlation: [[ 1.   , -0.123,  0.008,  0.   ,  0.002,  0.002,  0.002,  0.003, 0.003,  0.003,  0.003],
               [-0.123,  1.   , -0.109,  0.008,  0.005,  0.005,  0.006,  0.007, 0.009,  0.008,  0.008],
               [ 0.008, -0.109,  1.   , -0.097,  0.009,  0.009,  0.008,  0.009, 0.013,  0.011,  0.011],
               [ 0.   ,  0.008, -0.097,  1.   , -0.088,  0.014,  0.012,  0.015, 0.018,  0.014,  0.016],
               [ 0.002,  0.005,  0.009, -0.088,  1.   , -0.093,  0.015,  0.016, 0.021,  0.017,  0.018],
               [ 0.002,  0.005,  0.009,  0.014, -0.093,  1.   , -0.066,  0.019, 0.027,  0.023,  0.024],
               [ 0.002,  0.006,  0.008,  0.012,  0.015, -0.066,  1.   , -0.048, 0.018,  0.018,  0.024],
               [ 0.003,  0.007,  0.009,  0.015,  0.016,  0.019, -0.048,  1.   , -0.039,  0.023,  0.025],
               [ 0.003,  0.009,  0.013,  0.018,  0.021,  0.027,  0.018, -0.039, 1.   , -0.038,  0.027],
               [ 0.003,  0.008,  0.011,  0.014,  0.017,  0.023,  0.018,  0.023, -0.038,  1.   , -0.052],
               [ 0.003,  0.008,  0.011,  0.016,  0.018,  0.024,  0.024,  0.025, 0.027, -0.052,  1.   ]]

Belle B->omegalnu 2013:
  experiment: Belle
  inspire: Sibidanov:2013rkk
  values:
    - name: <BR>(B+->omegalnu)
      q2min: 0
      q2max: 7
      value: 22.8±6.2  e-6
    - name: <BR>(B+->omegalnu)
      q2min: 7
      q2max: 14
      value: 56.5±10.6 e-6
    - name: <BR>(B+->omegalnu)
      q2min: 14
      q2max: 21
      value: 33.9±11.5 e-6
  correlation: [[ 1.   , 0.015, 0.103],
                [ 0.015, 1.   , 0.091],
                [ 0.103, 0.091, 1.   ]]

Belle B->Xcenu 2006:
  inspire: Urquijo:2006wd
  description: >
    Measurements of the charged and neutral B decays with an electron energy
    threshold of 0.6 GeV averaged and rescaled to the total branching ratio.
  values:
    BR(B->Xcenu): 0.1049(26)

Belle RD had 2015:
  experiment: Belle
  inspire: Huschle:2015rga
  values:
    Rtaul(B->Dlnu): 0.375 ± 0.064 ± 0.026
    Rtaul(B->D*lnu): 0.293 ± 0.038 ± 0.015
  correlation: -0.49 # HFAG

Belle RD* sl 2019:
  experiment: Belle
  inspire: Abdesselam:2019dgh
  values:
    Rtaul(B->Dlnu): 0.307±0.037±0.016
    Rtaul(B->D*lnu): 0.283±0.018±0.014
  correlation: -0.53

Belle RD* had 2016:
  experiment: Belle
  inspire: Hirose:2016wfn
  values:
    Rtaul(B->D*lnu): 0.270 ± 0.035 +0.028 -0.025

Belle B->hnunu SL 2017:
  experiment: Belle
  inspire: Grygier:2017tzo
  values:
    # Tables I and II
    # counts_total is the square of the statistical error on the signal yield
    # background_std is the systematic error on the signal yield
    BR(B+->Knunu):
      distribution: general_gamma_upper_limit
      limit: 1.9e-5
      confidence_level: 0.9
      counts_total: 83
      counts_signal: 17.7
      background_std: 3.4
    BR(B0->Knunu):
      distribution: general_gamma_upper_limit
      limit: 2.6e-5
      confidence_level: 0.9
      counts_total: 18
      counts_signal: 0.6
      background_std: 1.4
    BR(B+->K*nunu):
      distribution: general_gamma_upper_limit
      limit: 6.1e-5
      confidence_level: 0.9
      counts_total: 55
      counts_signal: 16.2
      background_std: 1.8
    BR(B0->K*nunu):
      distribution: general_gamma_upper_limit
      limit: 1.8e-5
      confidence_level: 0.9
      counts_total: 13
      counts_signal: -2.0
      background_std: 1.8
    BR(B+->pinunu):
      distribution: general_gamma_upper_limit
      limit: 1.4e-5
      confidence_level: 0.9
      counts_total: 228
      counts_signal: 5.6
      background_std: 5.9
    BR(B0->pinunu):
      distribution: general_gamma_upper_limit
      limit: 0.9e-5
      confidence_level: 0.9
      counts_total: 31
      counts_signal: 0.2
      background_std: 1.6
    BR(B+->rhonunu):
      distribution: general_gamma_upper_limit
      limit: 3.0e-5
      confidence_level: 0.9
      counts_total: 151
      counts_signal: 6.2
      background_std: 2.4
    BR(B0->rhonunu):
      distribution: general_gamma_upper_limit
      limit: 4.0e-5
      confidence_level: 0.9
      counts_total: 81
      counts_signal: 11.9
      background_std: 3.6

Belle B->hnunu had 2013:
  experiment: Belle
  inspire: Lutz:2013ftz
  values:
    # Table I
    # background_std is the systematic error on the # of signal events
    BR(B+->Knunu):
      distribution: general_gamma_upper_limit
      limit: 5.5e-5
      confidence_level: 0.9
      counts_total: 43
      counts_signal: 13.3
      background_std: 2.3
    BR(B0->Knunu):
      distribution: general_gamma_upper_limit
      limit: 19.4e-5
      confidence_level: 0.9
      counts_total: 4
      counts_signal: 1.8
      background_std: 1.0
    BR(B+->K*nunu):
      distribution: general_gamma_upper_limit
      limit: 4.0e-5
      confidence_level: 0.9
      counts_total: 21
      counts_signal: -1.7
      background_std: 1.5
    BR(B0->K*nunu):
      distribution: general_gamma_upper_limit
      limit: 5.5e-5
      confidence_level: 0.9
      counts_total: 10
      counts_signal: -2.3
      background_std: 0.9
    BR(B+->pinunu):
      distribution: general_gamma_upper_limit
      limit: 9.8e-5
      confidence_level: 0.9
      counts_total: 107
      counts_signal: 15.2
      background_std: 1.4
    BR(B0->pinunu):
      distribution: general_gamma_upper_limit
      limit: 6.9e-5
      confidence_level: 0.9
      counts_total: 6
      counts_signal: 3.5
      background_std: 0.6
    BR(B+->rhonunu):
      distribution: general_gamma_upper_limit
      limit: 21.3e-5
      confidence_level: 0.9
      counts_total: 90
      counts_signal: 11.3
      background_std: 4.1
    BR(B0->rhonunu):
      distribution: general_gamma_upper_limit
      limit: 20.8e-5
      confidence_level: 0.9
      counts_total: 31
      counts_signal: 1.6
      background_std: 0.4
    
Belle B->Xll 2005:
  experiment: Belle
  inspire: Iwasaki:2005sy
  values:
    - name: <BR>(B->Xsll)
      q2min: 0.04
      q2max: 1.0
      value: 11.34 ± 4.83+4.60 -2.71 e-7
    - name: <BR>(B->Xsll)
      q2min: 1.0
      q2max: 6.0
      value: 14.93 ± 5.04+4.11-3.21 e-7
    - name: <BR>(B->Xsll)
      q2min: 14.4
      q2max: 25.0
      value: 4.18 ± 1.17+0.61-0.68 e-7

Belle B->Xll 2014:
  experiment: Belle
  inspire: Sato:2014pjr
  values:
    - name: <AFB>(B->Xsll)
      q2min: 0.2
      q2max: 4.3
      value: 0.34 ± 0.24 ± 0.03
    - name: <AFB>(B->Xsll)
      q2min: 14.3
      q2max: 25.0
      value: 0.28 ± 0.15 ± 0.02
    - name: <AFB>(B->Xsll)
      q2min: 1.0
      q2max: 6.0
      value: 0.30 ± 0.24 ± 0.04

Belle B->Dlnu 2015:
  experiment: Belle
  inspire: Glattauer:2015teq
  observables:
  - {name: <BR>(B+->Dmunu), q2min: 0.0, q2max: 1.03}
  - {name: <BR>(B+->Dmunu), q2min: 1.03, q2max: 2.21}
  - {name: <BR>(B+->Dmunu), q2min: 2.21, q2max: 3.39}
  - {name: <BR>(B+->Dmunu), q2min: 3.39, q2max: 4.57}
  - {name: <BR>(B+->Dmunu), q2min: 4.57, q2max: 5.75}
  - {name: <BR>(B+->Dmunu), q2min: 5.75, q2max: 6.93}
  - {name: <BR>(B+->Dmunu), q2min: 6.93, q2max: 8.11}
  - {name: <BR>(B+->Dmunu), q2min: 8.11, q2max: 9.3}
  - {name: <BR>(B+->Dmunu), q2min: 9.3, q2max: 10.48}
  - {name: <BR>(B+->Dmunu), q2min: 10.48, q2max: 11.66}
  - {name: <BR>(B+->Denu), q2min: 0.0, q2max: 1.03}
  - {name: <BR>(B+->Denu), q2min: 1.03, q2max: 2.21}
  - {name: <BR>(B+->Denu), q2min: 2.21, q2max: 3.39}
  - {name: <BR>(B+->Denu), q2min: 3.39, q2max: 4.57}
  - {name: <BR>(B+->Denu), q2min: 4.57, q2max: 5.75}
  - {name: <BR>(B+->Denu), q2min: 5.75, q2max: 6.93}
  - {name: <BR>(B+->Denu), q2min: 6.93, q2max: 8.11}
  - {name: <BR>(B+->Denu), q2min: 8.11, q2max: 9.3}
  - {name: <BR>(B+->Denu), q2min: 9.3, q2max: 10.48}
  - {name: <BR>(B+->Denu), q2min: 10.48, q2max: 11.66}
  - {name: <BR>(B0->Dmunu), q2min: 0.0, q2max: 0.97}
  - {name: <BR>(B0->Dmunu), q2min: 0.97, q2max: 2.15}
  - {name: <BR>(B0->Dmunu), q2min: 2.15, q2max: 3.34}
  - {name: <BR>(B0->Dmunu), q2min: 3.34, q2max: 4.52}
  - {name: <BR>(B0->Dmunu), q2min: 4.52, q2max: 5.71}
  - {name: <BR>(B0->Dmunu), q2min: 5.71, q2max: 6.89}
  - {name: <BR>(B0->Dmunu), q2min: 6.89, q2max: 8.07}
  - {name: <BR>(B0->Dmunu), q2min: 8.07, q2max: 9.26}
  - {name: <BR>(B0->Dmunu), q2min: 9.26, q2max: 10.44}
  - {name: <BR>(B0->Dmunu), q2min: 10.44, q2max: 11.63}
  - {name: <BR>(B0->Denu), q2min: 0.0, q2max: 0.97}
  - {name: <BR>(B0->Denu), q2min: 0.97, q2max: 2.15}
  - {name: <BR>(B0->Denu), q2min: 2.15, q2max: 3.34}
  - {name: <BR>(B0->Denu), q2min: 3.34, q2max: 4.52}
  - {name: <BR>(B0->Denu), q2min: 4.52, q2max: 5.71}
  - {name: <BR>(B0->Denu), q2min: 5.71, q2max: 6.89}
  - {name: <BR>(B0->Denu), q2min: 6.89, q2max: 8.07}
  - {name: <BR>(B0->Denu), q2min: 8.07, q2max: 9.26}
  - {name: <BR>(B0->Denu), q2min: 9.26, q2max: 10.44}
  - {name: <BR>(B0->Denu), q2min: 10.44, q2max: 11.63}
  values:
  - distribution: multivariate_normal
    central_value: &id001 [0.004255566316077649, 0.004458097063215535, 0.00402106022896964,
      0.0036515017421602687, 0.0030859905425584897, 0.0026188835241413664, 0.0017558586361373836,
      0.0011233230462916843, 0.0006397675460428078, 0.00019806122448979608, 0.004462641567695367,
      0.0046149138875062265, 0.004319265306122453, 0.0036140801393728115, 0.00300910154305625,
      0.0021916560477849693, 0.0016722692882030876, 0.0011410199104031826, 0.0005736361373817825,
      0.00010734146341463424, 0.00391900938060046, 0.004199772748267902, 0.004084346882217093,
      0.003413053579676665, 0.002783146420323328, 0.001955520554272519, 0.0018666013856812947,
      0.0010706217090069253, 0.0005027071593533491, 0.0001120891454965359, 0.004053369220323326,
      0.004375287297921482, 0.004219697459584299, 0.0035259228637413292, 0.0027602272517321044,
      0.0019019418013856825, 0.0016360060046189393, 0.0012547496535796733, 0.0006115205542725178,
      4.1413856812933054e-05]
    standard_deviation: [0.00018604089995022385, 0.00020253807864609278, 0.00019114435042309625,
      0.00019118317570930755, 0.0001788442010950723, 0.00017590542558486825, 0.00014430910900945757,
      0.0001374892981582873, 0.00010477750124440029, 6.251767048282734e-05, 0.0001604509420109506,
      0.00018180388252862136, 0.00018674962667994041, 0.0001827207565953206, 0.00017240069686411168,
      0.0001653703334992535, 0.00015127078148332516, 0.0001345490293678443, 0.00012073469387755113,
      9.981383773021412e-05, 0.0002478536436489607, 0.0002675140877598155, 0.0002560572748267901,
      0.0002399556581986136, 0.0002197316397228639, 0.00019618060046189392, 0.00019735981524249437,
      0.0001441136258660504, 0.00010041616628175529, 6.571870669745964e-05, 0.00021242722355658197,
      0.00023942217090069302, 0.00024672055427251755, 0.0002359482678983827, 0.00020868775981524264,
      0.0001877528868360279, 0.00017701524249422648, 0.000158498383371824, 0.00011709699769053127,
      4.3288683602771405e-05]
  - distribution: multivariate_normal
    central_value: *id001
    standard_deviation: [0.0002106818812842209, 0.00022374564459930334, 0.00020793031358885033,
      0.00018950920856147284, 0.00016142359382777515, 0.00013867944250871094, 9.205624688899957e-05,
      6.162170233947221e-05, 3.581931309109012e-05, 1.3197610751617733e-05, 0.00022416720184171212,
      0.00023394773519163785, 0.0002237381781981087, 0.000186963165754106, 0.00015778745644599317,
      0.00011903534096565465, 9.182628173220515e-05, 6.135291189646575e-05, 3.541463414634149e-05,
      1.759233449477353e-05, 0.0001844971829099307, 0.00020217782909930733, 0.00019705357967667454,
      0.00016714226327944524, 0.00013513856812933034, 9.648914549653588e-05, 9.258429561200931e-05,
      5.146004618937629e-05, 2.4231408775981545e-05, 1.0313625866050816e-05, 0.00019019728360277133,
      0.00020727159353348747, 0.0002031879907621249, 0.00017404157043879857, 0.0001346812933025405,
      9.324526558891462e-05, 8.058706697459592e-05, 6.144526558891436e-05, 3.0455889145496558e-05,
      8.933487297921486e-06]
    correlation:
    - [1.0, 0.98177, 0.9724, 0.9564799999999999, 0.9563, 0.9514600000000001, 0.93704,
      0.90579, 0.88765, 0.7426, 0.99892, 0.9858600000000001, 0.96941, 0.95015, 0.9477,
      0.9192299999999999, 0.9017700000000001, 0.91033, 0.75944, 0.32849, 0.7318100000000001,
      0.72644, 0.69913, 0.6876800000000001, 0.70114, 0.70365, 0.67499, 0.6926800000000001,
      0.6753899999999999, 0.34345, 0.73095, 0.7247399999999999, 0.69371, 0.6822, 0.69519,
      0.6917399999999999, 0.68329, 0.69212, 0.6774600000000001, 0.13154000000000002]
    - [0.98177, 1.0, 0.99271, 0.98151, 0.9740200000000001, 0.9683200000000001, 0.95835,
      0.9334600000000001, 0.9167799999999999, 0.77078, 0.9792700000000001, 0.99772,
      0.99082, 0.97531, 0.9689700000000001, 0.9396899999999999, 0.9268, 0.93529, 0.79365,
      0.3541, 0.71932, 0.73353, 0.7145699999999999, 0.7017399999999999, 0.7129300000000001,
      0.70878, 0.68812, 0.70362, 0.6906899999999999, 0.37215, 0.71968, 0.7287, 0.7087100000000001,
      0.70319, 0.71053, 0.70334, 0.69797, 0.7088399999999999, 0.6805, 0.15361]
    - [0.9724, 0.99271, 1.0, 0.99277, 0.9864200000000001, 0.9803200000000001, 0.97535,
      0.9565, 0.9481200000000001, 0.7914399999999999, 0.9717, 0.99339, 0.99759, 0.98903,
      0.9841799999999999, 0.96072, 0.95188, 0.96004, 0.83614, 0.36323, 0.70376, 0.72695,
      0.7162, 0.70198, 0.71201, 0.70267, 0.6918300000000001, 0.7046100000000001, 0.69745,
      0.39504, 0.70444, 0.7205, 0.70973, 0.71002, 0.71311, 0.70152, 0.70027, 0.71411,
      0.67701, 0.18085]
    - [0.9564799999999999, 0.98151, 0.99277, 1.0, 0.9934, 0.9904, 0.9872799999999999,
      0.97216, 0.95944, 0.8033, 0.9557899999999999, 0.98067, 0.99384, 0.9948100000000001,
      0.9936, 0.97965, 0.97195, 0.97578, 0.86903, 0.36309, 0.6909, 0.72187, 0.71554,
      0.70287, 0.71234, 0.70045, 0.6946899999999999, 0.70665, 0.7017100000000001, 0.40945,
      0.6935399999999999, 0.71427, 0.7084600000000001, 0.71446, 0.7158399999999999,
      0.69919, 0.70149, 0.71662, 0.67387, 0.2004]
    - [0.9563, 0.9740200000000001, 0.9864200000000001, 0.9934, 1.0, 0.99264, 0.98951,
      0.97288, 0.95924, 0.79548, 0.95639, 0.97377, 0.98769, 0.992, 0.9943, 0.9853299999999999,
      0.97834, 0.97806, 0.87531, 0.36691999999999997, 0.6885, 0.7156100000000001, 0.70715,
      0.69615, 0.70616, 0.69572, 0.68855, 0.6996100000000001, 0.69487, 0.39628, 0.69162,
      0.70848, 0.69944, 0.70476, 0.7098300000000001, 0.69121, 0.6969, 0.7108, 0.66961,
      0.19041]
    - [0.9514600000000001, 0.9683200000000001, 0.9803200000000001, 0.9904, 0.99264,
      1.0, 0.9893299999999999, 0.9726899999999999, 0.9542, 0.79708, 0.9514600000000001,
      0.9674200000000001, 0.98211, 0.9872200000000001, 0.99208, 0.98631, 0.9793299999999999,
      0.9764, 0.87529, 0.35657, 0.68904, 0.71795, 0.7077100000000001, 0.69697, 0.7085100000000001,
      0.69698, 0.68962, 0.70215, 0.69815, 0.40042, 0.6924899999999999, 0.70955, 0.69986,
      0.70629, 0.71132, 0.69295, 0.69695, 0.71099, 0.6716, 0.19548]
    - [0.93704, 0.95835, 0.97535, 0.9872799999999999, 0.98951, 0.9893299999999999, 1.0,
      0.9758100000000001, 0.95816, 0.80042, 0.93735, 0.9581, 0.97701, 0.98626, 0.99006,
      0.98713, 0.98275, 0.9812200000000001, 0.88902, 0.36396, 0.6745899999999999, 0.70821,
      0.70289, 0.69117, 0.7021, 0.68788, 0.68697, 0.6963600000000001, 0.6955100000000001,
      0.4016, 0.67886, 0.69973, 0.69531, 0.704, 0.7064199999999999, 0.68381, 0.6936,
      0.70792, 0.65909, 0.19981]
    - [0.90579, 0.9334600000000001, 0.9565, 0.97216, 0.97288, 0.9726899999999999, 0.9758100000000001,
      1.0, 0.9546, 0.79572, 0.9071600000000001, 0.93345, 0.9606600000000001, 0.9707600000000001,
      0.97677, 0.9748399999999999, 0.97456, 0.9744299999999999, 0.8941, 0.3859, 0.64567,
      0.68478, 0.68771, 0.67367, 0.68186, 0.66465, 0.67008, 0.67728, 0.67583, 0.41886,
      0.65041, 0.67757, 0.6792699999999999, 0.69147, 0.68783, 0.66045, 0.67438, 0.69404,
      0.6418, 0.21522]
    - [0.88765, 0.9167799999999999, 0.9481200000000001, 0.95944, 0.95924, 0.9542, 0.95816,
      0.9546, 1.0, 0.78642, 0.8909600000000001, 0.9182100000000001, 0.9510700000000001,
      0.96425, 0.9633700000000001, 0.96036, 0.96394, 0.96577, 0.89623, 0.35705, 0.62085,
      0.66697, 0.67569, 0.65877, 0.6654100000000001, 0.64162, 0.65376, 0.66603, 0.66864,
      0.4184, 0.62269, 0.6559699999999999, 0.66642, 0.68016, 0.67533, 0.65012, 0.65894,
      0.68294, 0.63002, 0.23146]
    - [0.7426, 0.77078, 0.7914399999999999, 0.8033, 0.79548, 0.79708, 0.80042, 0.79572,
      0.78642, 1.0, 0.74298, 0.77171, 0.79294, 0.79535, 0.80491, 0.79895, 0.79571, 0.80686,
      0.7376, 0.29996999999999996, 0.52732, 0.56342, 0.57097, 0.5572, 0.56277, 0.5454399999999999,
      0.5547, 0.56387, 0.57808, 0.39191, 0.5323, 0.56162, 0.5674899999999999, 0.5771,
      0.57258, 0.55815, 0.55555, 0.57017, 0.52617, 0.18631]
    - [0.99892, 0.9792700000000001, 0.9717, 0.9557899999999999, 0.95639, 0.9514600000000001,
      0.93735, 0.9071600000000001, 0.8909600000000001, 0.74298, 1.0, 0.98416, 0.96896,
      0.94942, 0.94768, 0.9200299999999999, 0.9031100000000001, 0.91261, 0.7629199999999999,
      0.32808000000000004, 0.7214, 0.71685, 0.68981, 0.67755, 0.69076, 0.6939, 0.66492,
      0.68414, 0.66743, 0.34213000000000005, 0.72015, 0.71521, 0.6842, 0.6731, 0.68553,
      0.68158, 0.67297, 0.683, 0.66964, 0.13304000000000002]
    - [0.9858600000000001, 0.99772, 0.99339, 0.98067, 0.97377, 0.9674200000000001, 0.9581,
      0.93345, 0.9182100000000001, 0.77171, 0.98416, 1.0, 0.99145, 0.9746600000000001,
      0.9686100000000001, 0.93873, 0.9264399999999999, 0.9358299999999999, 0.7936300000000001,
      0.35188, 0.71912, 0.73148, 0.71243, 0.69909, 0.71039, 0.70702, 0.6863199999999999,
      0.70167, 0.68845, 0.37251, 0.7193, 0.72713, 0.70692, 0.7004600000000001, 0.70821,
      0.70103, 0.69591, 0.7068, 0.67913, 0.15375]
    - [0.96941, 0.99082, 0.99759, 0.99384, 0.98769, 0.98211, 0.97701, 0.9606600000000001,
      0.9510700000000001, 0.79294, 0.96896, 0.99145, 1.0, 0.99126, 0.98651, 0.96509,
      0.9571200000000001, 0.9640299999999999, 0.8445600000000001, 0.36466, 0.70026,
      0.72542, 0.71646, 0.70199, 0.71157, 0.7008300000000001, 0.69155, 0.7055600000000001,
      0.6964, 0.39624000000000004, 0.70172, 0.71941, 0.70981, 0.71099, 0.7138899999999999,
      0.7, 0.69931, 0.71444, 0.67625, 0.18478]
    - [0.95015, 0.97531, 0.98903, 0.9948100000000001, 0.992, 0.9872200000000001, 0.98626,
      0.9707600000000001, 0.96425, 0.79535, 0.94942, 0.9746600000000001, 0.99126, 1.0,
      0.9921700000000001, 0.9793799999999999, 0.97345, 0.9764700000000001, 0.8746799999999999,
      0.36446, 0.69458, 0.72759, 0.7237, 0.71125, 0.72013, 0.70705, 0.70336, 0.71459,
      0.7097399999999999, 0.41276999999999997, 0.69723, 0.71946, 0.71659, 0.72342, 0.72482,
      0.7072, 0.7114199999999999, 0.7263, 0.68184, 0.20651]
    - [0.9477, 0.9689700000000001, 0.9841799999999999, 0.9936, 0.9943, 0.99208, 0.99006,
      0.97677, 0.9633700000000001, 0.80491, 0.94768, 0.9686100000000001, 0.98651, 0.9921700000000001,
      1.0, 0.9881200000000001, 0.98164, 0.98209, 0.8844, 0.36344, 0.6833, 0.71572, 0.71021,
      0.6994199999999999, 0.7084, 0.6957899999999999, 0.6926, 0.70455, 0.69945, 0.40618000000000004,
      0.68693, 0.70804, 0.70314, 0.71122, 0.71387, 0.6941, 0.6984199999999999, 0.71607,
      0.66856, 0.20621]
    - [0.9192299999999999, 0.9396899999999999, 0.96072, 0.97965, 0.9853299999999999,
      0.98631, 0.98713, 0.9748399999999999, 0.96036, 0.79895, 0.9200299999999999, 0.93873,
      0.96509, 0.9793799999999999, 0.9881200000000001, 1.0, 0.98759, 0.9817899999999999,
      0.90436, 0.35331999999999997, 0.65635, 0.6917300000000001, 0.6897399999999999,
      0.67983, 0.68994, 0.6714399999999999, 0.6745399999999999, 0.68443, 0.68343, 0.40317,
      0.6615800000000001, 0.68396, 0.68121, 0.69421, 0.69621, 0.67038, 0.67892, 0.69717,
      0.6482, 0.21036]
    - [0.9017700000000001, 0.9268, 0.95188, 0.97195, 0.97834, 0.9793299999999999, 0.98275,
      0.97456, 0.96394, 0.79571, 0.9031100000000001, 0.9264399999999999, 0.9571200000000001,
      0.97345, 0.98164, 0.98759, 1.0, 0.98267, 0.9091299999999999, 0.35536, 0.64064,
      0.68102, 0.6832, 0.67248, 0.68008, 0.65988, 0.6683600000000001, 0.67895, 0.67566,
      0.40888, 0.64637, 0.6733399999999999, 0.67424, 0.6893199999999999, 0.68976, 0.66155,
      0.6743100000000001, 0.6934100000000001, 0.6391, 0.22166]
    - [0.91033, 0.93529, 0.96004, 0.97578, 0.97806, 0.9764, 0.9812200000000001, 0.9744299999999999,
      0.96577, 0.80686, 0.91261, 0.9358299999999999, 0.9640299999999999, 0.9764700000000001,
      0.98209, 0.9817899999999999, 0.98267, 1.0, 0.90899, 0.36568, 0.641, 0.68238, 0.68587,
      0.6726800000000001, 0.67977, 0.66063, 0.66771, 0.67979, 0.68186, 0.41186999999999996,
      0.6462399999999999, 0.67618, 0.67825, 0.69005, 0.68879, 0.66357, 0.67205, 0.69192,
      0.64117, 0.23276999999999998]
    - [0.75944, 0.79365, 0.83614, 0.86903, 0.87531, 0.87529, 0.88902, 0.8941, 0.89623,
      0.7376, 0.7629199999999999, 0.7936300000000001, 0.8445600000000001, 0.8746799999999999,
      0.8844, 0.90436, 0.9091299999999999, 0.90899, 1.0, 0.32536, 0.52253, 0.57908,
      0.5999399999999999, 0.58985, 0.5927399999999999, 0.5575899999999999, 0.58524,
      0.5979899999999999, 0.61266, 0.41117, 0.5313399999999999, 0.5731, 0.59278, 0.61602,
      0.60551, 0.56855, 0.5903, 0.60631, 0.54786, 0.26398]
    - [0.32849, 0.3541, 0.36323, 0.36309, 0.36691999999999997, 0.35657, 0.36396, 0.3859,
      0.35705, 0.29996999999999996, 0.32808000000000004, 0.35188, 0.36466, 0.36446,
      0.36344, 0.35331999999999997, 0.35536, 0.36568, 0.32536, 1.0, 0.24394000000000002,
      0.26306999999999997, 0.26541, 0.25178, 0.25208, 0.26322, 0.25246999999999997,
      0.23453000000000002, 0.23870999999999998, 0.2042, 0.2432, 0.25766, 0.25751999999999997,
      0.26881, 0.25459, 0.24194000000000002, 0.25376, 0.27008000000000004, 0.23631999999999997,
      0.0787]
    - [0.7318100000000001, 0.71932, 0.70376, 0.6909, 0.6885, 0.68904, 0.6745899999999999,
      0.64567, 0.62085, 0.52732, 0.7214, 0.71912, 0.70026, 0.69458, 0.6833, 0.65635,
      0.64064, 0.641, 0.52253, 0.24394000000000002, 1.0, 0.98131, 0.96965, 0.96693,
      0.96909, 0.9645299999999999, 0.95137, 0.94081, 0.9044200000000001, 0.42283000000000004,
      0.99808, 0.9864, 0.9679700000000001, 0.95105, 0.9601, 0.9551200000000001, 0.94755,
      0.93568, 0.9283, 0.13747]
    - [0.72644, 0.73353, 0.72695, 0.72187, 0.7156100000000001, 0.71795, 0.70821, 0.68478,
      0.66697, 0.56342, 0.71685, 0.73148, 0.72542, 0.72759, 0.71572, 0.6917300000000001,
      0.68102, 0.68238, 0.57908, 0.26306999999999997, 0.98131, 1.0, 0.98861, 0.9856600000000001,
      0.98439, 0.97359, 0.9675, 0.96478, 0.93285, 0.45973, 0.9832299999999999, 0.99387,
      0.9879899999999999, 0.97652, 0.97964, 0.9702299999999999, 0.96621, 0.96105, 0.94352,
      0.18084]
    - [0.69913, 0.7145699999999999, 0.7162, 0.71554, 0.70715, 0.7077100000000001, 0.70289,
      0.68771, 0.67569, 0.57097, 0.68981, 0.71243, 0.71646, 0.7237, 0.71021, 0.6897399999999999,
      0.6832, 0.68587, 0.5999399999999999, 0.26541, 0.96965, 0.98861, 1.0, 0.9933, 0.98956,
      0.9718100000000001, 0.9784200000000001, 0.9710700000000001, 0.94157, 0.48603999999999997,
      0.97204, 0.98966, 0.99605, 0.99024, 0.98885, 0.97572, 0.97404, 0.9697399999999999,
      0.9398200000000001, 0.21549000000000001]
    - [0.6876800000000001, 0.7017399999999999, 0.70198, 0.70287, 0.69615, 0.69697, 0.69117,
      0.67367, 0.65877, 0.5572, 0.67755, 0.69909, 0.70199, 0.71125, 0.6994199999999999,
      0.67983, 0.67248, 0.6726800000000001, 0.58985, 0.25178, 0.96693, 0.9856600000000001,
      0.9933, 1.0, 0.9911200000000001, 0.97659, 0.98275, 0.97367, 0.94065, 0.48558,
      0.9697600000000001, 0.9864, 0.9947600000000001, 0.9899, 0.99174, 0.98019, 0.97957,
      0.97267, 0.93727, 0.20867]
    - [0.70114, 0.7129300000000001, 0.71201, 0.71234, 0.70616, 0.7085100000000001, 0.7021,
      0.68186, 0.6654100000000001, 0.56277, 0.69076, 0.71039, 0.71157, 0.72013, 0.7084,
      0.68994, 0.68008, 0.67977, 0.5927399999999999, 0.25208, 0.96909, 0.98439, 0.98956,
      0.9911200000000001, 1.0, 0.9767100000000001, 0.9786600000000001, 0.9658899999999999,
      0.94081, 0.48389, 0.97135, 0.9839, 0.99126, 0.9882799999999999, 0.99059, 0.9788600000000001,
      0.97846, 0.9703799999999999, 0.93691, 0.20081]
    - [0.70365, 0.70878, 0.70267, 0.70045, 0.69572, 0.69698, 0.68788, 0.66465, 0.64162,
      0.5454399999999999, 0.6939, 0.70702, 0.7008300000000001, 0.70705, 0.6957899999999999,
      0.6714399999999999, 0.65988, 0.66063, 0.5575899999999999, 0.26322, 0.9645299999999999,
      0.97359, 0.9718100000000001, 0.97659, 0.9767100000000001, 1.0, 0.9718899999999999,
      0.95773, 0.9241, 0.48102, 0.9656299999999999, 0.972, 0.9752200000000001, 0.96715,
      0.97388, 0.9741700000000001, 0.96467, 0.9576600000000001, 0.93248, 0.18602]
    - [0.67499, 0.68812, 0.6918300000000001, 0.6946899999999999, 0.68855, 0.68962, 0.68697,
      0.67008, 0.65376, 0.5547, 0.66492, 0.6863199999999999, 0.69155, 0.70336, 0.6926,
      0.6745399999999999, 0.6683600000000001, 0.66771, 0.58524, 0.25246999999999997,
      0.95137, 0.9675, 0.9784200000000001, 0.98275, 0.9786600000000001, 0.9718899999999999,
      1.0, 0.96129, 0.93058, 0.49533, 0.95265, 0.96619, 0.9807799999999999, 0.97896,
      0.98164, 0.97593, 0.9717600000000001, 0.96719, 0.92761, 0.19854000000000002]
    - [0.6926800000000001, 0.70362, 0.7046100000000001, 0.70665, 0.6996100000000001,
      0.70215, 0.6963600000000001, 0.67728, 0.66603, 0.56387, 0.68414, 0.70167, 0.7055600000000001,
      0.71459, 0.70455, 0.68443, 0.67895, 0.67979, 0.5979899999999999, 0.23453000000000002,
      0.94081, 0.96478, 0.9710700000000001, 0.97367, 0.9658899999999999, 0.95773, 0.96129,
      1.0, 0.9244700000000001, 0.48146000000000005, 0.9450799999999999, 0.9660700000000001,
      0.97295, 0.96721, 0.9719899999999999, 0.96368, 0.95837, 0.9542700000000001, 0.91691,
      0.21581999999999998]
    - [0.6753899999999999, 0.6906899999999999, 0.69745, 0.7017100000000001, 0.69487,
      0.69815, 0.6955100000000001, 0.67583, 0.66864, 0.57808, 0.66743, 0.68845, 0.6964,
      0.7097399999999999, 0.69945, 0.68343, 0.67566, 0.68186, 0.61266, 0.23870999999999998,
      0.9044200000000001, 0.93285, 0.94157, 0.94065, 0.94081, 0.9241, 0.93058, 0.9244700000000001,
      1.0, 0.48273999999999995, 0.90759, 0.92924, 0.94305, 0.9414399999999999, 0.9418,
      0.93168, 0.92919, 0.9249200000000001, 0.88784, 0.22258000000000003]
    - [0.34345, 0.37215, 0.39504, 0.40945, 0.39628, 0.40042, 0.4016, 0.41886, 0.4184,
      0.39191, 0.34213000000000005, 0.37251, 0.39624000000000004, 0.41276999999999997,
      0.40618000000000004, 0.40317, 0.40888, 0.41186999999999996, 0.41117, 0.2042, 0.42283000000000004,
      0.45973, 0.48603999999999997, 0.48558, 0.48389, 0.48102, 0.49533, 0.48146000000000005,
      0.48273999999999995, 1.0, 0.42617, 0.45457, 0.48695, 0.50048, 0.48363999999999996,
      0.47546000000000005, 0.47805, 0.49062, 0.44201999999999997, 0.1322]
    - [0.73095, 0.71968, 0.70444, 0.6935399999999999, 0.69162, 0.6924899999999999, 0.67886,
      0.65041, 0.62269, 0.5323, 0.72015, 0.7193, 0.70172, 0.69723, 0.68693, 0.6615800000000001,
      0.64637, 0.6462399999999999, 0.5313399999999999, 0.2432, 0.99808, 0.9832299999999999,
      0.97204, 0.9697600000000001, 0.97135, 0.9656299999999999, 0.95265, 0.9450799999999999,
      0.90759, 0.42617, 1.0, 0.98895, 0.97062, 0.9534299999999999, 0.9627, 0.95576,
      0.94914, 0.9377700000000001, 0.9283899999999999, 0.14484]
    - [0.7247399999999999, 0.7287, 0.7205, 0.71427, 0.70848, 0.70955, 0.69973, 0.67757,
      0.6559699999999999, 0.56162, 0.71521, 0.72713, 0.71941, 0.71946, 0.70804, 0.68396,
      0.6733399999999999, 0.67618, 0.5731, 0.25766, 0.9864, 0.99387, 0.98966, 0.9864,
      0.9839, 0.972, 0.96619, 0.9660700000000001, 0.92924, 0.45457, 0.98895, 1.0, 0.9891700000000001,
      0.97524, 0.97934, 0.9671200000000001, 0.96272, 0.9564600000000001, 0.94109, 0.18255]
    - [0.69371, 0.7087100000000001, 0.70973, 0.7084600000000001, 0.69944, 0.69986, 0.69531,
      0.6792699999999999, 0.66642, 0.5674899999999999, 0.6842, 0.70692, 0.70981, 0.71659,
      0.70314, 0.68121, 0.67424, 0.67825, 0.59278, 0.25751999999999997, 0.9679700000000001,
      0.9879899999999999, 0.99605, 0.9947600000000001, 0.99126, 0.9752200000000001,
      0.9807799999999999, 0.97295, 0.94305, 0.48695, 0.97062, 0.9891700000000001, 1.0,
      0.9916, 0.9900700000000001, 0.97835, 0.97688, 0.9716600000000001, 0.9418700000000001,
      0.21233000000000002]
    - [0.6822, 0.70319, 0.71002, 0.71446, 0.70476, 0.70629, 0.704, 0.69147, 0.68016,
      0.5771, 0.6731, 0.7004600000000001, 0.71099, 0.72342, 0.71122, 0.69421, 0.6893199999999999,
      0.69005, 0.61602, 0.26881, 0.95105, 0.97652, 0.99024, 0.9899, 0.9882799999999999,
      0.96715, 0.97896, 0.96721, 0.9414399999999999, 0.50048, 0.9534299999999999, 0.97524,
      0.9916, 1.0, 0.98979, 0.9764200000000001, 0.97651, 0.9717100000000001, 0.9280700000000001,
      0.2287]
    - [0.69519, 0.71053, 0.71311, 0.7158399999999999, 0.7098300000000001, 0.71132, 0.7064199999999999,
      0.68783, 0.67533, 0.57258, 0.68553, 0.70821, 0.7138899999999999, 0.72482, 0.71387,
      0.69621, 0.68976, 0.68879, 0.60551, 0.25459, 0.9601, 0.97964, 0.98885, 0.99174,
      0.99059, 0.97388, 0.98164, 0.9719899999999999, 0.9418, 0.48363999999999996, 0.9627,
      0.97934, 0.9900700000000001, 0.98979, 1.0, 0.98146, 0.9808, 0.9745799999999999,
      0.92819, 0.21969]
    - [0.6917399999999999, 0.70334, 0.70152, 0.69919, 0.69121, 0.69295, 0.68381, 0.66045,
      0.65012, 0.55815, 0.68158, 0.70103, 0.7, 0.7072, 0.6941, 0.67038, 0.66155, 0.66357,
      0.56855, 0.24194000000000002, 0.9551200000000001, 0.9702299999999999, 0.97572,
      0.98019, 0.9788600000000001, 0.9741700000000001, 0.97593, 0.96368, 0.93168, 0.47546000000000005,
      0.95576, 0.9671200000000001, 0.97835, 0.9764200000000001, 0.98146, 1.0, 0.9725799999999999,
      0.9628700000000001, 0.92366, 0.20016]
    - [0.68329, 0.69797, 0.70027, 0.70149, 0.6969, 0.69695, 0.6936, 0.67438, 0.65894,
      0.55555, 0.67297, 0.69591, 0.69931, 0.7114199999999999, 0.6984199999999999, 0.67892,
      0.6743100000000001, 0.67205, 0.5903, 0.25376, 0.94755, 0.96621, 0.97404, 0.97957,
      0.97846, 0.96467, 0.9717600000000001, 0.95837, 0.92919, 0.47805, 0.94914, 0.96272,
      0.97688, 0.97651, 0.9808, 0.9725799999999999, 1.0, 0.96354, 0.9163899999999999,
      0.20427]
    - [0.69212, 0.7088399999999999, 0.71411, 0.71662, 0.7108, 0.71099, 0.70792, 0.69404,
      0.68294, 0.57017, 0.683, 0.7068, 0.71444, 0.7263, 0.71607, 0.69717, 0.6934100000000001,
      0.69192, 0.60631, 0.27008000000000004, 0.93568, 0.96105, 0.9697399999999999, 0.97267,
      0.9703799999999999, 0.9576600000000001, 0.96719, 0.9542700000000001, 0.9249200000000001,
      0.49062, 0.9377700000000001, 0.9564600000000001, 0.9716600000000001, 0.9717100000000001,
      0.9745799999999999, 0.9628700000000001, 0.96354, 1.0, 0.91858, 0.20767]
    - [0.6774600000000001, 0.6805, 0.67701, 0.67387, 0.66961, 0.6716, 0.65909, 0.6418,
      0.63002, 0.52617, 0.66964, 0.67913, 0.67625, 0.68184, 0.66856, 0.6482, 0.6391,
      0.64117, 0.54786, 0.23631999999999997, 0.9283, 0.94352, 0.9398200000000001, 0.93727,
      0.93691, 0.93248, 0.92761, 0.91691, 0.88784, 0.44201999999999997, 0.9283899999999999,
      0.94109, 0.9418700000000001, 0.9280700000000001, 0.92819, 0.92366, 0.9163899999999999,
      0.91858, 1.0, 0.19201]
    - [0.13154000000000002, 0.15361, 0.18085, 0.2004, 0.19041, 0.19548, 0.19981, 0.21522,
      0.23146, 0.18631, 0.13304000000000002, 0.15375, 0.18478, 0.20651, 0.20621, 0.21036,
      0.22166, 0.23276999999999998, 0.26398, 0.0787, 0.13747, 0.18084, 0.21549000000000001,
      0.20867, 0.20081, 0.18602, 0.19854000000000002, 0.21581999999999998, 0.22258000000000003,
      0.1322, 0.14484, 0.18255, 0.21233000000000002, 0.2287, 0.21969, 0.20016, 0.20427,
      0.20767, 0.19201, 1.0]

Belle Rmue(B->D*lnu) 2017:
  experiment: Belle
  inspire: Abdesselam:2017kjf
  values:
    Rmue(B->D*lnu): 0.96 ± 0.05 ± 0.01

Belle B->D*lnu hadronic tag 2017:
  experiment: Belle
  inspire: Abdesselam:2017kjf
  observables:
  - {name: <BR>(B0->D*lnu), q2min: 9.63, q2max: 10.69}
  - {name: <BR>(B0->D*lnu), q2min: 8.57, q2max: 9.63}
  - {name: <BR>(B0->D*lnu), q2min: 7.5, q2max: 8.57}
  - {name: <BR>(B0->D*lnu), q2min: 6.44, q2max: 7.5}
  - {name: <BR>(B0->D*lnu), q2min: 5.38, q2max: 6.44}
  - {name: <BR>(B0->D*lnu), q2min: 4.32, q2max: 5.38}
  - {name: <BR>(B0->D*lnu), q2min: 3.26, q2max: 4.32}
  - {name: <BR>(B0->D*lnu), q2min: 2.2, q2max: 3.26}
  - {name: <BR>(B0->D*lnu), q2min: 1.14, q2max: 2.2}
  - {name: <BR>(B0->D*lnu), q2min: -0.0, q2max: 1.14}
  - {name: <BR>/<cV>(B0->D*lnu), cVmin: 0.8, cVmax: 1.0}
  - {name: <BR>/<cV>(B0->D*lnu), cVmin: 0.6, cVmax: 0.8}
  - {name: <BR>/<cV>(B0->D*lnu), cVmin: 0.4, cVmax: 0.6}
  - {name: <BR>/<cV>(B0->D*lnu), cVmin: 0.2, cVmax: 0.4}
